~o
<STREAMINFO> 1 39
<VECSIZE> 39<NULLD><MFCC_D_A_0><DIAGC>
~h "MJ"
<BEGINHMM>
<NUMSTATES> 3
<STATE> 2
<MEAN> 39
 -7.774975e+000 -2.201857e+000 -9.671710e-001 -8.297495e+000 -8.109429e+000 -7.334517e+000 -9.800760e+000 -2.957374e+000 -1.542025e+000 2.717139e+000 -6.928984e-001 -3.303882e+000 6.414555e+001 1.316192e-003 1.646151e-004 3.014353e-004 4.518007e-004 1.892002e-004 6.522309e-004 1.634696e-003 6.530759e-004 -1.723433e-003 8.455451e-005 -1.972563e-003 1.161895e-003 -6.254200e-004 -2.907607e-005 8.897106e-005 1.788526e-004 -4.276967e-004 -2.760275e-004 -1.123600e-005 -4.504732e-004 -5.153761e-005 -2.508319e-005 -4.169682e-004 -6.554992e-005 -1.643863e-005 1.063993e-004
<VARIANCE> 39
 6.259853e+001 3.238229e+001 7.474996e+001 4.524375e+001 5.160592e+001 6.031121e+001 6.757024e+001 3.986116e+001 5.139763e+001 3.205854e+001 3.319735e+001 2.981153e+001 6.545738e+001 3.058268e+000 2.021090e+000 2.825907e+000 2.870791e+000 3.169629e+000 3.178122e+000 3.977380e+000 2.987473e+000 3.323763e+000 2.224494e+000 2.343103e+000 2.125087e+000 2.359263e+000 4.386385e-001 3.528348e-001 4.252576e-001 4.980694e-001 5.510017e-001 5.440798e-001 6.788200e-001 5.584283e-001 5.937471e-001 4.179601e-001 4.363376e-001 3.917725e-001 3.826004e-001
<GCONST> 1.252961e+002
<TRANSP> 3
 0.000000e+000 1.000000e+000 0.000000e+000
 0.000000e+000 9.983178e-001 1.682227e-003
 0.000000e+000 0.000000e+000 0.000000e+000
<ENDHMM>
~h "PB"
<BEGINHMM>
<NUMSTATES> 3
<STATE> 2
<MEAN> 39
 -5.921769e+000 2.348184e+000 2.378877e+000 -2.580938e+000 -6.527080e+000 -4.157404e-001 -5.008373e+000 1.581803e+000 1.240872e+000 4.840620e-001 1.064663e+000 -3.375448e+000 6.167831e+001 2.710712e-004 2.051500e-004 2.812314e-004 2.849454e-004 3.074072e-004 -7.990062e-004 -8.022708e-004 3.091574e-004 -3.704592e-005 -1.147194e-003 2.305248e-004 5.660767e-004 4.064904e-006 3.993371e-004 -6.311967e-005 -3.104464e-004 -4.531539e-004 6.602426e-005 -1.096605e-005 -2.608173e-004 1.251176e-004 -1.352672e-004 3.984545e-005 2.502439e-004 5.938594e-004 -3.827186e-005
<VARIANCE> 39
 5.533038e+001 4.336872e+001 6.051944e+001 4.005635e+001 6.769117e+001 4.141943e+001 6.472466e+001 3.607749e+001 3.191737e+001 2.566145e+001 2.325911e+001 3.779660e+001 9.102745e+001 2.735124e+000 2.617708e+000 2.645104e+000 2.745388e+000 3.523304e+000 2.606403e+000 3.396740e+000 2.869718e+000 2.462561e+000 2.084064e+000 2.042602e+000 2.395222e+000 2.453887e+000 4.136010e-001 4.275400e-001 4.114953e-001 4.808996e-001 6.153606e-001 4.651904e-001 6.157452e-001 5.362723e-001 4.650237e-001 4.085588e-001 3.975774e-001 4.384197e-001 3.861361e-001
<GCONST> 1.234418e+002
<TRANSP> 3
 0.000000e+000 1.000000e+000 0.000000e+000
 0.000000e+000 9.985216e-001 1.478415e-003
 0.000000e+000 0.000000e+000 0.000000e+000
<ENDHMM>
~h "TOMAS"
<BEGINHMM>
<NUMSTATES> 3
<STATE> 2
<MEAN> 39
 -5.940382e+000 3.869524e+000 5.265218e+000 -8.968117e-001 -9.926313e-001 -3.215040e+000 -1.378231e+000 -6.690801e-001 -1.066121e-001 7.590456e-001 2.732604e+000 2.134230e+000 6.210475e+001 -2.652748e-003 5.953727e-003 1.250613e-003 5.682235e-004 1.351596e-003 -9.973687e-004 1.820370e-003 -5.034768e-003 -6.817488e-003 6.814183e-003 1.186461e-003 -5.489171e-003 8.214543e-004 -6.618673e-004 5.054859e-004 -6.203174e-004 1.177385e-003 -2.461103e-003 1.039684e-003 -1.193982e-003 8.334523e-004 -4.225455e-004 2.669392e-004 6.809430e-004 -3.039096e-004 5.202276e-005
<VARIANCE> 39
 5.958044e+001 3.318526e+001 5.124158e+001 5.328092e+001 6.016149e+001 5.444263e+001 5.736087e+001 4.588310e+001 4.649902e+001 3.483575e+001 2.836202e+001 2.199534e+001 6.632785e+001 2.501133e+000 1.831780e+000 2.149539e+000 2.600849e+000 3.540546e+000 3.240902e+000 3.115222e+000 2.578662e+000 2.934460e+000 2.273690e+000 2.044974e+000 1.804287e+000 2.022359e+000 3.479926e-001 2.985597e-001 3.463582e-001 4.157231e-001 6.198496e-001 5.788245e-001 5.683882e-001 4.729686e-001 5.281537e-001 4.347947e-001 3.834711e-001 3.508211e-001 3.020686e-001
<GCONST> 1.216282e+002
<TRANSP> 3
 0.000000e+000 1.000000e+000 0.000000e+000
 0.000000e+000 9.971837e-001 2.816306e-003
 0.000000e+000 0.000000e+000 0.000000e+000
<ENDHMM>
~h "CERNY"
<BEGINHMM>
<NUMSTATES> 3
<STATE> 2
<MEAN> 39
 -1.030079e+001 -1.444937e+000 -1.219327e+000 -4.194044e+000 -4.796781e+000 -2.997645e+000 -5.746424e+000 -2.881053e-001 1.164055e+000 9.496430e-001 -2.441851e-001 -1.009199e+000 6.407771e+001 -8.799169e-004 2.159229e-004 8.264808e-005 -9.681612e-006 2.142291e-004 -8.405869e-004 -1.581222e-003 1.339853e-003 -1.446406e-003 2.354637e-005 -2.501438e-003 9.604011e-004 -2.927190e-004 1.237850e-005 -2.597969e-004 2.005888e-004 -2.536050e-005 -2.099660e-004 -1.857794e-004 -4.339018e-004 -2.570884e-004 -3.634624e-005 -1.849311e-004 3.857035e-004 -1.719723e-005 -4.466674e-005
<VARIANCE> 39
 1.967439e+001 2.070931e+001 3.027859e+001 4.110341e+001 3.748241e+001 2.969386e+001 5.310735e+001 2.815256e+001 2.688962e+001 2.489010e+001 1.660468e+001 2.238321e+001 2.083143e+001 9.464037e-001 1.284422e+000 1.349622e+000 1.964764e+000 2.201767e+000 1.881974e+000 2.938168e+000 2.175846e+000 2.129986e+000 1.914611e+000 1.470203e+000 1.480838e+000 7.134823e-001 1.390425e-001 2.100371e-001 2.134472e-001 3.224696e-001 3.888654e-001 3.505875e-001 5.413342e-001 4.135078e-001 4.039029e-001 3.627131e-001 2.904124e-001 2.755255e-001 1.183619e-001
<GCONST> 1.046131e+002
<TRANSP> 3
 0.000000e+000 1.000000e+000 0.000000e+000
 0.000000e+000 9.985551e-001 1.444878e-003
 0.000000e+000 0.000000e+000 0.000000e+000
<ENDHMM>
~h "ZSS2"
<BEGINHMM>
<NUMSTATES> 3
<STATE> 2
<MEAN> 39
 -6.534395e+000 2.506991e+000 1.782364e+000 -2.657062e+000 -8.183712e-001 -1.161763e+000 -1.294921e-001 -2.675091e-001 -9.590613e-001 2.400956e+000 -2.504816e+000 1.570224e+000 6.407674e+001 3.233853e-003 -1.958385e-004 -6.972663e-005 2.468536e-003 1.995545e-003 2.702184e-003 -4.543682e-004 -3.030653e-003 9.092861e-004 -2.366458e-004 -3.184344e-004 -6.006187e-004 -3.772147e-003 1.469732e-004 1.880376e-004 1.396951e-004 -7.910234e-004 -3.864068e-004 -3.334993e-004 -4.288965e-004 -4.529438e-004 -5.916665e-004 2.043805e-004 2.281971e-004 7.246533e-005 1.072369e-004
<VARIANCE> 39
 6.644250e+001 3.917067e+001 4.620548e+001 6.686732e+001 8.392389e+001 5.097258e+001 6.633514e+001 4.336080e+001 6.433011e+001 3.248640e+001 7.522471e+001 2.497630e+001 7.216254e+001 3.901889e+000 2.694729e+000 2.544788e+000 4.115804e+000 4.824536e+000 3.525625e+000 3.676120e+000 2.937163e+000 3.841235e+000 2.872897e+000 4.198671e+000 2.023430e+000 3.521184e+000 6.037229e-001 4.753977e-001 4.318603e-001 6.857268e-001 8.282157e-001 6.499922e-001 6.221687e-001 5.454526e-001 6.629010e-001 5.548183e-001 7.203966e-001 3.925864e-001 5.976322e-001
<GCONST> 1.321360e+002
<TRANSP> 3
 0.000000e+000 1.000000e+000 0.000000e+000
 0.000000e+000 9.983138e-001 1.686199e-003
 0.000000e+000 0.000000e+000 0.000000e+000
<ENDHMM>
~h "SMOLA"
<BEGINHMM>
<NUMSTATES> 3
<STATE> 2
<MEAN> 39
 -6.404389e+000 -1.977951e-001 8.682924e-001 -2.102137e+000 -3.150344e+000 -2.369636e+000 -6.000842e+000 3.039736e+000 -4.169892e+000 2.458914e-003 3.935369e+000 -3.592481e+000 5.949413e+001 3.000771e-004 4.136641e-003 1.137719e-002 -1.284767e-002 9.112605e-003 2.099978e-003 8.076144e-003 -2.316491e-002 -2.639375e-002 -8.322443e-003 -7.354652e-003 -4.670555e-003 1.460761e-002 -1.518439e-003 -1.021101e-003 6.334256e-004 -1.092648e-003 1.357178e-003 5.174354e-004 -5.193972e-004 2.475998e-004 -3.180711e-005 3.900828e-004 -1.542081e-003 -1.773213e-003 1.071553e-003
<VARIANCE> 39
 6.428670e+001 6.554195e+001 4.461981e+001 7.366148e+001 5.677856e+001 6.306400e+001 7.540512e+001 4.523048e+001 7.267435e+001 3.332202e+001 2.803692e+001 3.982325e+001 1.433784e+002 3.257380e+000 3.675143e+000 2.472943e+000 3.797863e+000 3.156808e+000 3.568649e+000 4.337691e+000 3.235690e+000 4.717173e+000 2.418594e+000 2.265459e+000 2.377720e+000 5.067764e+000 4.707566e-001 5.839933e-001 4.129869e-001 6.374512e-001 5.691631e-001 6.516110e-001 7.746120e-001 6.133127e-001 8.589735e-001 4.547135e-001 4.352643e-001 4.289587e-001 8.037342e-001
<GCONST> 1.325426e+002
<TRANSP> 3
 0.000000e+000 1.000000e+000 0.000000e+000
 0.000000e+000 9.965732e-001 3.426764e-003
 0.000000e+000 0.000000e+000 0.000000e+000
<ENDHMM>
~h "NOZICKA"
<BEGINHMM>
<NUMSTATES> 3
<STATE> 2
<MEAN> 39
 -1.510375e+001 -9.147717e+000 7.407653e+000 -9.448889e+000 -3.154263e+000 1.360556e+000 -4.576860e+000 -5.172396e-001 2.960765e-001 -2.711988e+000 3.472818e+000 -2.583913e+000 5.462844e+001 2.592289e-005 -2.167528e-003 -1.082118e-003 -1.535061e-003 5.370634e-003 5.844159e-004 -2.379015e-003 -1.592938e-003 -1.522336e-003 4.610450e-003 1.991432e-003 1.634060e-004 2.110953e-003 -6.891264e-004 1.314954e-003 2.882072e-003 9.526281e-004 5.429192e-004 -8.949060e-004 -1.601596e-003 -3.422615e-004 -2.159976e-003 -1.078229e-003 5.641179e-004 1.564331e-005 -5.312390e-004
<VARIANCE> 39
 1.230303e+002 1.370615e+002 2.126774e+002 1.585329e+002 1.132748e+002 1.100037e+002 8.547292e+001 6.853799e+001 7.319192e+001 5.231177e+001 4.542799e+001 3.477185e+001 4.666882e+002 3.241273e+000 4.287175e+000 3.965416e+000 4.972924e+000 5.780254e+000 5.208331e+000 5.023542e+000 3.639389e+000 4.644225e+000 3.189161e+000 2.973767e+000 2.169142e+000 4.704338e+000 4.418929e-001 6.433765e-001 6.191470e-001 8.194902e-001 9.670658e-001 8.362551e-001 8.440113e-001 6.280099e-001 7.884743e-001 5.824131e-001 5.375869e-001 4.009200e-001 6.443852e-001
<GCONST> 1.441989e+002
<TRANSP> 3
 0.000000e+000 1.000000e+000 0.000000e+000
 0.000000e+000 9.975101e-001 2.489944e-003
 0.000000e+000 0.000000e+000 0.000000e+000
<ENDHMM>
~h "DAVID"
<BEGINHMM>
<NUMSTATES> 3
<STATE> 2
<MEAN> 39
 -1.076551e+001 1.616922e+000 1.073003e+000 -4.015504e+000 -1.290848e+000 -2.647597e+000 -1.884688e+000 -6.682332e-001 -3.837878e+000 6.368843e-001 -8.457442e-001 -2.395396e+000 7.016460e+001 -2.839678e-004 -1.387693e-003 6.779961e-004 1.527899e-003 2.748856e-004 2.098648e-003 1.726965e-003 -2.032314e-003 -2.828954e-003 -4.533829e-003 -1.698449e-003 1.576869e-003 -2.714192e-004 1.561118e-004 -3.238312e-004 -2.446464e-005 -2.650772e-004 -6.318278e-004 -9.345503e-004 -7.499814e-005 9.679340e-004 -2.575218e-004 -4.806841e-004 -4.741534e-004 7.225697e-004 -1.885770e-004
<VARIANCE> 39
 6.492249e+001 2.752897e+001 5.279937e+001 4.997344e+001 3.792036e+001 3.106343e+001 4.536552e+001 3.890622e+001 5.887483e+001 2.374533e+001 2.714554e+001 2.577643e+001 7.168140e+001 3.040479e+000 1.702001e+000 2.152986e+000 3.226101e+000 2.344933e+000 2.312883e+000 3.159863e+000 3.127115e+000 3.747283e+000 2.192872e+000 2.080925e+000 1.768717e+000 2.151606e+000 4.162541e-001 2.862487e-001 3.220056e-001 5.486165e-001 4.026263e-001 4.247314e-001 5.567243e-001 5.925779e-001 6.544954e-001 4.273440e-001 3.949473e-001 3.219939e-001 3.522094e-001
<GCONST> 1.202799e+002
<TRANSP> 3
 0.000000e+000 1.000000e+000 0.000000e+000
 0.000000e+000 9.973117e-001 2.688353e-003
 0.000000e+000 0.000000e+000 0.000000e+000
<ENDHMM>
~h "JAN"
<BEGINHMM>
<NUMSTATES> 3
<STATE> 2
<MEAN> 39
 -8.293608e+000 -6.644737e+000 2.737696e+000 -3.399339e+000 -1.231871e+001 2.009810e+000 -5.584406e-001 -2.801757e+000 -1.635360e+000 3.209732e+000 -6.905470e+000 -6.357291e+000 5.006156e+001 -5.988798e-004 -1.479639e-003 -6.663125e-004 -1.341085e-004 1.621884e-003 -9.376055e-004 -4.800408e-004 -3.944390e-004 -2.513968e-004 -3.641727e-004 -2.229158e-003 1.947494e-003 1.522148e-004 1.483095e-004 -2.333318e-004 -2.030515e-004 1.359984e-004 7.603190e-005 2.739061e-004 -3.169329e-004 2.441006e-004 -9.179140e-004 -7.757188e-004 1.403571e-004 7.867912e-004 1.471700e-004
<VARIANCE> 39
 2.492031e+001 2.981297e+001 7.509937e+001 3.177991e+001 4.568124e+001 3.969295e+001 7.999337e+001 5.875882e+001 3.065080e+001 2.889578e+001 1.979770e+001 1.953973e+001 3.313856e+001 8.087367e-001 1.326451e+000 1.955595e+000 1.738969e+000 2.071287e+000 1.832998e+000 2.958161e+000 2.430257e+000 1.861839e+000 1.814031e+000 1.499687e+000 1.327191e+000 7.698268e-001 1.137970e-001 1.975129e-001 2.785289e-001 2.913334e-001 3.425712e-001 3.099788e-001 4.833916e-001 4.104088e-001 3.282867e-001 3.283314e-001 2.884718e-001 2.424971e-001 1.012700e-001
<GCONST> 1.071692e+002
<TRANSP> 3
 0.000000e+000 1.000000e+000 0.000000e+000
 0.000000e+000 9.973017e-001 2.698327e-003
 0.000000e+000 0.000000e+000 0.000000e+000
<ENDHMM>
~h "MAR"
<BEGINHMM>
<NUMSTATES> 3
<STATE> 2
<MEAN> 39
 -5.442937e+000 1.933240e+000 4.041706e+000 6.388407e-001 -9.373209e-001 -1.056316e+000 -3.389128e-001 -1.845342e+000 2.171410e+000 -1.925579e+000 4.851686e+000 -2.483825e+000 6.930339e+001 6.168184e-004 5.572346e-004 7.039153e-004 9.749848e-004 -3.030261e-004 -1.679197e-003 -3.206870e-004 -1.119286e-003 -1.014928e-003 -7.216262e-004 -1.115797e-003 -8.541156e-004 -2.714056e-004 -1.506958e-005 1.122153e-004 -1.001043e-004 8.139169e-005 1.484860e-004 3.217330e-004 -1.965533e-004 -7.374021e-004 -6.879354e-004 6.904163e-005 -7.678360e-005 -2.109940e-004 7.301701e-005
<VARIANCE> 39
 7.701541e+001 4.739375e+001 6.215529e+001 5.690216e+001 7.317577e+001 5.563130e+001 5.835564e+001 4.710912e+001 3.930737e+001 4.871782e+001 2.996174e+001 4.493377e+001 1.090622e+002 4.074092e+000 3.076146e+000 2.852008e+000 4.157485e+000 4.376615e+000 4.103704e+000 3.612993e+000 3.416625e+000 2.864182e+000 3.186415e+000 2.800481e+000 3.078857e+000 5.063587e+000 5.864377e-001 5.164021e-001 4.521187e-001 7.328721e-001 7.567804e-001 7.656949e-001 6.506880e-001 6.326995e-001 5.366198e-001 5.723622e-001 5.588046e-001 5.548815e-001 8.542364e-001
<GCONST> 1.338847e+002
<TRANSP> 3
 0.000000e+000 1.000000e+000 0.000000e+000
 0.000000e+000 9.984556e-001 1.544402e-003
 0.000000e+000 0.000000e+000 0.000000e+000
<ENDHMM>
~h "MJB"
<BEGINHMM>
<NUMSTATES> 3
<STATE> 2
<MEAN> 39
 -5.327198e+000 8.172412e-002 2.366966e+000 9.032845e-001 -3.288711e+000 1.440879e+000 -6.297228e+000 2.033008e-001 -2.799387e+000 -1.305855e+000 -1.967658e+000 -8.696875e-001 6.523444e+001 -3.195166e-003 1.795847e-003 -4.066608e-003 -7.280560e-004 1.214148e-003 2.673693e-003 7.253795e-003 3.169327e-003 1.964630e-003 4.484474e-003 4.999518e-004 7.022719e-004 -1.325017e-003 3.076269e-004 6.658768e-005 -1.601974e-004 -4.939336e-004 -3.004817e-005 -2.766770e-004 -9.634737e-004 -6.145184e-004 3.906226e-004 2.786726e-004 2.850658e-004 3.304051e-004 1.552800e-004
<VARIANCE> 39
 8.354837e+001 4.420956e+001 5.277100e+001 4.192091e+001 7.611556e+001 5.663073e+001 6.085888e+001 4.720140e+001 4.790394e+001 2.997779e+001 3.304531e+001 2.570563e+001 7.841978e+001 3.555987e+000 2.504988e+000 2.102275e+000 2.584292e+000 4.385056e+000 3.502846e+000 3.080955e+000 2.883946e+000 2.943410e+000 2.050165e+000 2.259492e+000 1.610186e+000 2.367531e+000 5.353146e-001 4.202979e-001 3.545536e-001 4.541123e-001 7.549206e-001 6.230149e-001 5.653206e-001 5.398543e-001 5.528541e-001 3.954177e-001 4.234736e-001 3.107498e-001 3.904249e-001
<GCONST> 1.252997e+002
<TRANSP> 3
 0.000000e+000 1.000000e+000 0.000000e+000
 0.000000e+000 9.982883e-001 1.711742e-003
 0.000000e+000 0.000000e+000 0.000000e+000
<ENDHMM>
~h "MJL"
<BEGINHMM>
<NUMSTATES> 3
<STATE> 2
<MEAN> 39
 -4.131950e+000 8.451779e-002 1.297518e+000 2.100262e+000 -3.240560e+000 -4.629890e-001 1.782604e+000 1.240090e+000 2.340860e+000 4.895658e+000 5.378932e+000 1.613686e+000 5.251651e+001 -2.367129e-003 3.425074e-003 1.605896e-003 3.793431e-003 4.216806e-003 4.343653e-003 4.461760e-003 3.563289e-003 3.084538e-003 1.693321e-003 2.858286e-003 2.294407e-003 -6.586951e-003 1.318865e-003 -1.321528e-003 -2.799346e-004 -1.517107e-003 -1.582769e-003 -1.713716e-003 -2.054965e-003 -1.185286e-003 -4.442518e-004 -1.125834e-003 -1.459935e-003 -1.374780e-003 2.334805e-003
<VARIANCE> 39
 8.682419e+001 4.740262e+001 4.729645e+001 4.142311e+001 9.673690e+001 6.477027e+001 4.702069e+001 6.521602e+001 4.445055e+001 2.765836e+001 2.406779e+001 3.611438e+001 1.294473e+002 3.778004e+000 3.000596e+000 2.043400e+000 2.324158e+000 4.253077e+000 2.620815e+000 2.438165e+000 3.585327e+000 2.519517e+000 1.985460e+000 1.859723e+000 1.830867e+000 2.112356e+000 5.610372e-001 5.290135e-001 3.297476e-001 4.179724e-001 7.658386e-001 4.704319e-001 4.568783e-001 6.557462e-001 4.655970e-001 3.826846e-001 3.652449e-001 3.362846e-001 3.619149e-001
<GCONST> 1.249835e+002
<TRANSP> 3
 0.000000e+000 1.000000e+000 0.000000e+000
 0.000000e+000 9.984567e-001 1.543268e-003
 0.000000e+000 0.000000e+000 0.000000e+000
<ENDHMM>
~h "MKK"
<BEGINHMM>
<NUMSTATES> 3
<STATE> 2
<MEAN> 39
 -5.678689e+000 -1.407151e+000 5.221906e+000 -7.168393e+000 -8.936741e-002 -3.509806e+000 -3.458962e-002 2.324417e+000 2.176547e+000 7.774439e-001 -1.447927e+000 -1.150364e+000 6.118603e+001 -4.993115e-004 1.157882e-003 1.468955e-003 2.550665e-003 2.498714e-003 1.818953e-003 2.536403e-003 1.285114e-003 2.180138e-003 9.515518e-004 2.561396e-003 4.688839e-004 -1.823616e-003 -2.127454e-004 4.145927e-005 4.738324e-004 2.257007e-004 -3.385155e-004 -2.811073e-004 -2.261642e-005 -2.756177e-005 -1.246340e-004 2.936204e-004 9.431160e-005 9.687628e-005 5.663406e-005
<VARIANCE> 39
 6.911531e+001 3.295725e+001 5.448233e+001 7.811221e+001 3.531895e+001 4.116342e+001 4.367591e+001 3.277093e+001 4.727962e+001 3.033650e+001 3.316643e+001 1.850865e+001 8.874679e+001 3.177479e+000 2.271651e+000 2.332428e+000 4.592806e+000 2.434741e+000 2.561189e+000 3.074687e+000 2.687342e+000 3.440484e+000 2.343399e+000 2.402215e+000 1.623655e+000 3.310478e+000 4.540637e-001 4.028391e-001 3.790148e-001 7.868001e-001 4.595882e-001 4.692652e-001 5.650951e-001 5.204885e-001 6.318511e-001 4.575078e-001 4.443859e-001 3.193157e-001 5.318322e-001
<GCONST> 1.239304e+002
<TRANSP> 3
 0.000000e+000 1.000000e+000 0.000000e+000
 0.000000e+000 9.987468e-001 1.253211e-003
 0.000000e+000 0.000000e+000 0.000000e+000
<ENDHMM>
~h "MMS"
<BEGINHMM>
<NUMSTATES> 3
<STATE> 2
<MEAN> 39
 -5.615389e+000 1.682826e+000 5.484211e+000 -4.540850e-001 -1.540344e+000 1.165899e+000 -1.164859e+000 -1.402447e+000 3.308604e+000 -4.251595e-001 3.903408e+000 -8.385409e-001 6.659547e+001 9.093549e-004 2.400453e-004 -8.636026e-005 -1.791836e-005 8.010832e-004 -5.332158e-004 6.278323e-004 5.604881e-004 -1.432431e-003 5.274906e-005 1.395395e-003 5.051530e-005 -9.937350e-004 2.645588e-004 -2.602858e-004 -2.090343e-004 -1.886852e-004 2.400240e-004 2.576958e-004 -1.864717e-005 3.985512e-004 -7.206233e-005 -1.503571e-004 -5.568600e-004 -2.713399e-004 8.600042e-005
<VARIANCE> 39
 8.528456e+001 3.961507e+001 5.802118e+001 5.112999e+001 8.049372e+001 5.293431e+001 6.590883e+001 5.750471e+001 4.648963e+001 3.964331e+001 2.802360e+001 3.906669e+001 8.318009e+001 4.943611e+000 3.023726e+000 3.014175e+000 3.670298e+000 5.006496e+000 3.370468e+000 3.856563e+000 3.647211e+000 3.392620e+000 3.266188e+000 2.649381e+000 2.694998e+000 3.787715e+000 7.031977e-001 5.437453e-001 4.730850e-001 6.597248e-001 8.328741e-001 5.981858e-001 6.711777e-001 6.458070e-001 6.098939e-001 5.951108e-001 5.226113e-001 4.908080e-001 6.680983e-001
<GCONST> 1.331779e+002
<TRANSP> 3
 0.000000e+000 1.000000e+000 0.000000e+000
 0.000000e+000 9.981932e-001 1.806810e-003
 0.000000e+000 0.000000e+000 0.000000e+000
<ENDHMM>
~h "MOS"
<BEGINHMM>
<NUMSTATES> 3
<STATE> 2
<MEAN> 39
 -6.558000e+000 -2.483031e+000 3.193618e+000 -6.093581e+000 -3.956952e+000 -6.304893e+000 -3.190387e+000 1.216167e-001 1.920942e+000 3.995635e-001 1.388111e+000 -3.188530e+000 5.869438e+001 3.003697e-004 4.917196e-004 -1.565488e-004 -4.857356e-004 -9.469679e-005 -1.228120e-003 1.463483e-003 -1.118330e-003 4.860630e-004 -8.360422e-004 -2.236023e-003 -8.589412e-004 9.498168e-004 -1.272396e-004 2.238554e-004 2.701845e-004 2.456583e-004 2.217971e-004 -2.981967e-004 -5.400624e-004 -2.518219e-004 -5.666398e-004 5.347518e-005 5.169435e-004 -6.343480e-005 -1.356903e-004
<VARIANCE> 39
 7.372244e+001 3.915299e+001 5.077795e+001 4.805310e+001 5.319707e+001 4.649886e+001 5.330579e+001 3.915084e+001 4.652008e+001 3.378357e+001 3.552074e+001 3.750279e+001 8.211742e+001 3.357626e+000 2.701738e+000 2.267619e+000 3.149487e+000 3.358942e+000 2.983068e+000 3.109749e+000 3.112266e+000 3.298321e+000 2.899882e+000 2.642080e+000 2.525162e+000 2.810878e+000 4.589152e-001 4.741330e-001 3.659254e-001 5.460281e-001 5.946926e-001 5.511398e-001 5.529323e-001 5.815760e-001 5.795038e-001 5.635816e-001 4.927892e-001 4.503685e-001 4.470094e-001
<GCONST> 1.269841e+002
<TRANSP> 3
 0.000000e+000 1.000000e+000 0.000000e+000
 0.000000e+000 9.984926e-001 1.507387e-003
 0.000000e+000 0.000000e+000 0.000000e+000
<ENDHMM>
~h "MPM"
<BEGINHMM>
<NUMSTATES> 3
<STATE> 2
<MEAN> 39
 -7.964113e+000 3.756209e+000 3.171845e+000 2.006649e+000 -2.964892e+000 -7.010760e-001 -3.506169e+000 -5.598168e-001 -1.389943e+000 1.645828e+000 1.120291e+000 -1.584964e+000 6.460371e+001 4.808732e-004 2.773465e-003 -1.335522e-003 -1.298588e-003 2.012559e-003 2.660185e-003 7.471021e-004 -1.082201e-003 8.857085e-004 3.151768e-003 1.364439e-003 -5.230717e-004 -2.770957e-003 -7.034939e-005 -2.287724e-004 -4.627591e-005 -5.612276e-005 -2.524900e-004 -1.739662e-004 -6.011436e-004 -4.894683e-005 -9.098987e-005 -9.934900e-005 1.583560e-004 5.982264e-004 9.401702e-005
<VARIANCE> 39
 7.056242e+001 4.489063e+001 6.952486e+001 4.096201e+001 6.830036e+001 6.103991e+001 7.067934e+001 5.665903e+001 4.963372e+001 4.272358e+001 3.133512e+001 3.933969e+001 8.156615e+001 3.145791e+000 2.331859e+000 3.172212e+000 2.768010e+000 4.120620e+000 3.290529e+000 3.499164e+000 3.885916e+000 3.252192e+000 2.848757e+000 2.555587e+000 2.439477e+000 2.325841e+000 4.367970e-001 4.092346e-001 5.146315e-001 5.137485e-001 7.560798e-001 5.992821e-001 6.639650e-001 7.261594e-001 6.195818e-001 5.408998e-001 5.077912e-001 4.557166e-001 3.987221e-001
<GCONST> 1.297338e+002
<TRANSP> 3
 0.000000e+000 1.000000e+000 0.000000e+000
 0.000000e+000 9.985227e-001 1.477323e-003
 0.000000e+000 0.000000e+000 0.000000e+000
<ENDHMM>
~h "MPS"
<BEGINHMM>
<NUMSTATES> 3
<STATE> 2
<MEAN> 39
 -5.411894e+000 -1.158471e+000 4.800557e+000 -1.844640e+000 -2.434667e+000 5.525938e-001 -1.886194e+000 -1.018975e+000 1.429970e+000 1.038265e+000 2.728946e+000 -8.218884e-001 6.655230e+001 6.737249e-004 3.595290e-004 1.087546e-003 2.518971e-004 6.242755e-004 -5.349179e-004 -2.000164e-004 -6.091709e-004 -1.208025e-003 5.058024e-004 5.568949e-004 -5.276711e-004 -9.492040e-004 -9.496399e-005 1.274786e-004 -2.119605e-005 1.570954e-004 9.191933e-005 -1.788187e-006 2.308169e-005 -3.479341e-004 -2.314228e-004 3.454913e-004 1.340027e-004 3.168693e-004 -1.636180e-004
<VARIANCE> 39
 9.790855e+001 4.723889e+001 7.416167e+001 5.502188e+001 6.573661e+001 4.311380e+001 6.163586e+001 4.338668e+001 5.471632e+001 2.834049e+001 2.821948e+001 2.648986e+001 1.038792e+002 4.900486e+000 3.132744e+000 3.168468e+000 3.390610e+000 3.511998e+000 2.694691e+000 3.250640e+000 2.956714e+000 3.229052e+000 2.070415e+000 1.961081e+000 1.634806e+000 3.386981e+000 6.852952e-001 5.399359e-001 4.867948e-001 5.767003e-001 6.027162e-001 4.784591e-001 5.849884e-001 5.523965e-001 5.749529e-001 3.912920e-001 3.708100e-001 3.095421e-001 5.530613e-001
<GCONST> 1.278921e+002
<TRANSP> 3
 0.000000e+000 1.000000e+000 0.000000e+000
 0.000000e+000 9.983956e-001 1.604428e-003
 0.000000e+000 0.000000e+000 0.000000e+000
<ENDHMM>
~h "MVL"
<BEGINHMM>
<NUMSTATES> 3
<STATE> 2
<MEAN> 39
 -6.588219e+000 -3.571748e-001 2.040201e+000 -2.446240e-001 -6.706345e+000 1.684906e+000 -4.150607e+000 -1.714527e+000 9.958793e-001 2.162398e+000 -2.638756e+000 -1.879069e+000 6.953228e+001 -1.099472e-004 8.932171e-004 2.446808e-004 1.363442e-003 -3.527356e-004 -5.741644e-004 -1.199815e-003 -2.594752e-003 -1.944917e-003 1.943401e-003 -4.197428e-003 -1.942707e-003 1.119136e-003 1.137676e-003 -1.999106e-004 -3.461825e-004 -3.222238e-004 -3.583133e-005 -2.207547e-004 -1.322356e-003 4.964679e-005 -8.145517e-004 1.252087e-004 -2.849941e-004 -3.510998e-004 -2.524142e-004
<VARIANCE> 39
 7.529290e+001 4.926521e+001 7.166843e+001 4.224171e+001 1.014111e+002 5.507096e+001 7.824075e+001 6.060185e+001 4.557898e+001 3.053949e+001 3.033273e+001 3.574367e+001 1.180596e+002 4.223462e+000 3.619908e+000 3.502607e+000 2.824549e+000 6.305604e+000 3.958946e+000 4.561165e+000 3.709033e+000 3.568521e+000 2.569731e+000 2.405629e+000 2.297691e+000 3.748906e+000 6.463224e-001 6.177456e-001 5.599477e-001 5.030066e-001 1.118820e+000 7.410592e-001 8.590797e-001 7.027667e-001 6.821558e-001 5.057358e-001 4.692827e-001 4.324395e-001 6.537955e-001
<GCONST> 1.343520e+002
<TRANSP> 3
 0.000000e+000 1.000000e+000 0.000000e+000
 0.000000e+000 9.980396e-001 1.960400e-003
 0.000000e+000 0.000000e+000 0.000000e+000
<ENDHMM>
~h "ZLG"
<BEGINHMM>
<NUMSTATES> 3
<STATE> 2
<MEAN> 39
 -6.502095e+000 2.301994e+000 -2.239541e+000 -2.244830e+000 -5.371603e+000 -4.048029e+000 -6.878176e+000 -6.207826e+000 -4.563128e+000 -2.856867e+000 -5.373353e+000 -3.445509e+000 6.515645e+001 -9.380715e-004 3.897129e-003 -1.364347e-003 1.573470e-003 3.317325e-003 -2.575979e-003 1.985185e-003 -7.308007e-004 1.498945e-006 -2.595395e-004 3.277121e-003 -3.671100e-003 -1.719434e-003 5.371925e-004 8.625556e-005 8.424177e-005 -5.132764e-004 -6.711360e-004 -4.845657e-004 3.437877e-004 -4.669537e-006 -1.103791e-003 -1.248909e-003 -8.284111e-004 -5.118501e-004 2.012689e-004
<VARIANCE> 39
 5.837500e+001 3.801556e+001 5.279354e+001 4.144654e+001 6.699890e+001 4.740891e+001 6.469491e+001 5.477183e+001 4.950726e+001 3.906604e+001 4.262526e+001 3.730268e+001 6.055256e+001 2.934990e+000 2.264454e+000 2.514007e+000 2.598912e+000 3.805127e+000 2.878106e+000 3.251324e+000 3.020398e+000 2.740494e+000 2.603627e+000 2.379292e+000 2.155200e+000 2.252052e+000 4.559992e-001 4.012092e-001 4.228329e-001 4.593736e-001 6.682388e-001 5.368274e-001 5.868486e-001 5.575402e-001 4.951507e-001 5.003617e-001 4.439304e-001 4.084366e-001 3.912546e-001
<GCONST> 1.256913e+002
<TRANSP> 3
 0.000000e+000 1.000000e+000 0.000000e+000
 0.000000e+000 9.981495e-001 1.850481e-003
 0.000000e+000 0.000000e+000 0.000000e+000
<ENDHMM>
~h "ZLR"
<BEGINHMM>
<NUMSTATES> 3
<STATE> 2
<MEAN> 39
 -6.118824e+000 2.110132e+000 1.708074e+000 -4.280808e+000 6.597877e-001 -4.468432e+000 2.143346e-001 -5.041600e+000 -1.332818e+000 -1.886027e+000 -1.677132e+000 -6.489964e-001 6.678573e+001 2.219170e-003 -4.885861e-004 1.158687e-003 8.789346e-005 1.350964e-003 -7.598774e-004 -5.207903e-005 4.667567e-005 -1.324990e-003 -5.893490e-005 -1.147270e-003 9.401445e-004 -1.639997e-003 4.217707e-005 -1.401341e-004 1.190735e-004 -9.433486e-005 -3.007256e-004 -4.621288e-004 -9.160499e-004 -6.112013e-004 -2.349074e-006 6.192393e-005 -3.980381e-005 5.078598e-004 1.951134e-004
<VARIANCE> 39
 5.246931e+001 4.460105e+001 5.008030e+001 1.006726e+002 6.167855e+001 7.471001e+001 5.295967e+001 7.712037e+001 5.438356e+001 4.527909e+001 5.971722e+001 3.216532e+001 9.511885e+001 3.377254e+000 3.234539e+000 2.675363e+000 6.935599e+000 3.718896e+000 4.818700e+000 3.400043e+000 5.273870e+000 3.144932e+000 3.121870e+000 3.282741e+000 2.163014e+000 4.488736e+000 5.430238e-001 5.648108e-001 4.616902e-001 1.193459e+000 6.742249e-001 8.676163e-001 6.307196e-001 9.695427e-001 5.651643e-001 5.792999e-001 5.580382e-001 4.074628e-001 7.915900e-001
<GCONST> 1.358286e+002
<TRANSP> 3
 0.000000e+000 1.000000e+000 0.000000e+000
 0.000000e+000 9.984344e-001 1.565619e-003
 0.000000e+000 0.000000e+000 0.000000e+000
<ENDHMM>
~h "ZNM"
<BEGINHMM>
<NUMSTATES> 3
<STATE> 2
<MEAN> 39
 -8.699344e+000 -2.535226e+000 2.554502e+000 -7.733667e+000 -2.740011e+000 -1.145267e+001 3.897766e+000 -3.821336e+000 -1.239439e+000 3.215421e-001 -7.574034e-001 -2.547410e+000 6.242000e+001 9.230754e-005 2.005028e-003 -1.481937e-004 6.508066e-004 4.133761e-003 3.503433e-003 -2.254767e-003 -2.519452e-003 3.774872e-004 2.519293e-004 -1.755389e-003 9.445531e-004 -2.935957e-003 -4.343774e-005 1.608234e-004 2.044807e-004 -1.990359e-004 -4.081652e-004 -2.482134e-004 -2.183660e-004 -1.737195e-004 2.397974e-005 2.214009e-004 2.626166e-004 1.778456e-004 2.117660e-004
<VARIANCE> 39
 7.046313e+001 3.830588e+001 7.205348e+001 8.108239e+001 5.040923e+001 1.015625e+002 4.235341e+001 6.235502e+001 7.058896e+001 3.107579e+001 4.813615e+001 3.781394e+001 1.029228e+002 3.111619e+000 2.195593e+000 2.700170e+000 4.091206e+000 2.603127e+000 5.349422e+000 2.529435e+000 3.649367e+000 3.858459e+000 2.464080e+000 2.632690e+000 2.266447e+000 4.267910e+000 4.234710e-001 3.810523e-001 4.262154e-001 6.312103e-001 4.484415e-001 8.325360e-001 4.616562e-001 6.218628e-001 6.489992e-001 4.674656e-001 4.560092e-001 3.957062e-001 6.769491e-001
<GCONST> 1.305085e+002
<TRANSP> 3
 0.000000e+000 1.000000e+000 0.000000e+000
 0.000000e+000 9.989859e-001 1.014070e-003
 0.000000e+000 0.000000e+000 0.000000e+000
<ENDHMM>
~h "ZSS"
<BEGINHMM>
<NUMSTATES> 3
<STATE> 2
<MEAN> 39
 -6.324176e+000 2.321730e+000 2.084518e+000 -2.844096e+000 -1.313466e+000 7.804679e-001 -5.768808e-001 1.154185e+000 -1.841401e+000 2.160373e+000 -1.096678e+000 2.014025e+000 5.518355e+001 -1.963345e-003 1.933932e-003 6.453259e-004 3.509671e-003 3.167817e-003 -9.261761e-005 1.798343e-003 -8.354995e-005 -5.542259e-004 -1.413050e-003 -6.376734e-004 2.389930e-003 -2.015484e-003 1.235004e-003 -6.085882e-004 -4.226691e-004 -9.381587e-004 1.126432e-004 -5.893814e-005 -5.664237e-004 -4.378930e-004 2.351318e-004 -2.970847e-005 -3.422189e-004 6.873607e-005 3.209564e-005
<VARIANCE> 39
 7.065035e+001 4.361211e+001 5.298433e+001 6.872715e+001 7.995514e+001 4.864618e+001 7.933374e+001 4.929647e+001 7.502269e+001 3.627765e+001 7.669307e+001 2.679536e+001 8.065470e+001 4.086133e+000 3.311132e+000 2.778844e+000 4.575076e+000 5.074157e+000 3.622631e+000 4.526563e+000 3.529536e+000 4.604401e+000 3.171398e+000 4.446156e+000 1.995162e+000 4.159281e+000 6.262823e-001 6.006422e-001 4.613483e-001 7.788698e-001 8.795048e-001 6.655078e-001 7.729084e-001 6.490943e-001 7.792975e-001 6.135944e-001 7.631193e-001 3.827952e-001 7.144241e-001
<GCONST> 1.359633e+002
<TRANSP> 3
 0.000000e+000 1.000000e+000 0.000000e+000
 0.000000e+000 9.983050e-001 1.694987e-003
 0.000000e+000 0.000000e+000 0.000000e+000
<ENDHMM>
~h "ZTK"
<BEGINHMM>
<NUMSTATES> 3
<STATE> 2
<MEAN> 39
 -6.997274e+000 -4.645070e+000 3.811987e+000 -1.058233e+001 -4.028484e+000 -6.936725e+000 -2.907699e+000 1.031632e+000 -2.358806e+000 -9.015445e-001 -3.704607e+000 -1.483558e+000 6.496332e+001 3.712070e-003 4.396087e-003 2.013838e-003 3.902642e-003 3.996437e-003 5.953849e-003 2.612433e-003 8.014973e-006 3.780260e-003 1.220384e-003 1.966042e-003 -5.986687e-004 -5.695601e-003 1.346770e-004 5.225219e-004 1.555444e-004 5.192083e-004 4.531498e-004 1.288134e-003 3.315813e-004 9.797654e-004 1.406768e-004 -2.817922e-004 -2.102503e-004 1.335094e-004 -5.418530e-004
<VARIANCE> 39
 7.054965e+001 7.758012e+001 5.664741e+001 1.110098e+002 6.848283e+001 5.771930e+001 7.299481e+001 5.180972e+001 7.552790e+001 3.789636e+001 6.492130e+001 2.873436e+001 9.893304e+001 3.759766e+000 4.567754e+000 2.939775e+000 7.447506e+000 3.897221e+000 3.902421e+000 4.439544e+000 4.145162e+000 4.470977e+000 3.243658e+000 3.888032e+000 2.094369e+000 6.104994e+000 5.641544e-001 7.258677e-001 4.904939e-001 1.169765e+000 6.574268e-001 6.862083e-001 7.456775e-001 7.773362e-001 7.323066e-001 6.282573e-001 6.550291e-001 3.937835e-001 9.985275e-001
<GCONST> 1.388585e+002
<TRANSP> 3
 0.000000e+000 1.000000e+000 0.000000e+000
 0.000000e+000 9.985621e-001 1.437894e-003
 0.000000e+000 0.000000e+000 0.000000e+000
<ENDHMM>
~h "ZTV"
<BEGINHMM>
<NUMSTATES> 3
<STATE> 2
<MEAN> 39
 -6.871241e+000 7.711753e-001 1.088478e+000 -6.375814e+000 -5.351903e+000 -4.338506e+000 -6.719321e+000 -2.032945e+000 -4.440266e+000 -8.329243e-001 -5.392859e+000 -1.238518e+000 6.737590e+001 1.386671e-003 -6.026292e-004 4.850765e-003 2.556914e-003 5.090925e-003 4.005564e-003 -3.401187e-004 -6.093670e-004 -2.544533e-003 -4.362253e-003 -3.087925e-003 -6.333913e-004 -4.733808e-003 -3.368220e-004 2.072971e-004 -5.253978e-004 3.431653e-004 -8.412648e-005 1.558902e-004 3.335636e-004 3.057418e-004 5.763438e-004 4.579184e-004 -4.921402e-004 -7.908762e-004 2.263173e-004
<VARIANCE> 39
 5.858081e+001 3.735952e+001 5.839800e+001 7.482011e+001 9.319271e+001 5.165218e+001 9.596033e+001 5.389813e+001 6.734921e+001 4.184104e+001 6.877318e+001 3.150586e+001 8.239092e+001 3.006769e+000 2.479798e+000 2.546517e+000 4.454617e+000 5.137130e+000 3.464914e+000 5.053542e+000 3.584360e+000 3.741771e+000 3.248627e+000 3.886029e+000 2.472963e+000 3.849594e+000 4.500009e-001 4.337528e-001 4.183633e-001 7.561442e-001 8.702300e-001 6.295657e-001 8.371751e-001 6.609402e-001 6.531534e-001 6.202618e-001 6.944641e-001 4.651844e-001 6.449019e-001
<GCONST> 1.346888e+002
<TRANSP> 3
 0.000000e+000 1.000000e+000 0.000000e+000
 0.000000e+000 9.983748e-001 1.625203e-003
 0.000000e+000 0.000000e+000 0.000000e+000
<ENDHMM>
~h "MPCH"
<BEGINHMM>
<NUMSTATES> 3
<STATE> 2
<MEAN> 39
 -6.767363e+000 -6.041768e+000 2.612947e+000 -7.991050e+000 -5.128494e+000 -4.497210e+000 -2.743406e+000 8.708782e-001 -8.170723e-001 -5.965651e-001 -2.477311e-001 -1.995325e+000 6.514871e+001 -7.460805e-004 7.841770e-003 -2.687820e-003 6.767611e-003 2.743086e-003 7.822104e-003 6.017765e-003 -2.680239e-003 -4.797826e-004 9.042382e-004 1.437525e-003 -1.605879e-003 -1.176484e-002 -9.197585e-005 -1.435515e-004 8.273454e-005 1.945085e-004 2.507608e-005 1.492258e-004 6.827271e-004 1.798877e-004 -6.603778e-005 -2.594679e-005 7.133966e-005 -1.343225e-004 -1.275856e-004
<VARIANCE> 39
 8.293944e+001 5.406082e+001 5.671104e+001 6.343666e+001 7.134738e+001 4.050857e+001 5.705935e+001 3.610008e+001 7.314780e+001 2.950604e+001 3.600159e+001 2.451639e+001 1.190077e+002 3.651188e+000 3.297475e+000 2.529841e+000 3.864246e+000 3.732405e+000 2.680447e+000 3.722232e+000 2.916701e+000 4.632196e+000 2.381275e+000 2.546930e+000 1.849994e+000 4.551503e+000 5.069095e-001 5.538876e-001 4.023241e-001 6.430708e-001 6.146797e-001 4.903590e-001 6.436127e-001 5.325224e-001 7.772698e-001 4.515865e-001 4.470474e-001 3.451929e-001 6.859996e-001
<GCONST> 1.298494e+002
<TRANSP> 3
 0.000000e+000 1.000000e+000 0.000000e+000
 0.000000e+000 9.984553e-001 1.544640e-003
 0.000000e+000 0.000000e+000 0.000000e+000
<ENDHMM>
~h "MVL2"
<BEGINHMM>
<NUMSTATES> 3
<STATE> 2
<MEAN> 39
 -4.805562e+000 1.749381e+000 2.367424e+000 -1.537511e+000 -5.159884e+000 -2.431219e+000 -7.196329e+000 -4.179413e+000 -9.112937e-001 9.773585e-001 1.792526e+000 1.471807e-001 7.218662e+001 -1.905691e-004 3.870925e-003 -5.880442e-004 2.621934e-004 1.742482e-003 3.560248e-003 1.474535e-004 -1.810732e-003 -2.218404e-003 -5.622769e-005 -1.163791e-003 -3.087725e-003 -1.784879e-003 2.378365e-004 -1.904637e-004 3.010678e-005 -4.069177e-004 -1.316784e-004 -3.224642e-004 -3.146646e-004 -1.639516e-004 1.149132e-004 1.886173e-005 1.726905e-004 1.361658e-004 9.601664e-005
<VARIANCE> 39
 7.630334e+001 3.629686e+001 5.325284e+001 4.597989e+001 7.208601e+001 7.740279e+001 7.205461e+001 6.395622e+001 5.265356e+001 4.028657e+001 3.345839e+001 3.878767e+001 9.047298e+001 2.852128e+000 1.924954e+000 2.077323e+000 2.208873e+000 3.634225e+000 3.546886e+000 3.313636e+000 3.283945e+000 2.804124e+000 2.448464e+000 2.368068e+000 2.211207e+000 2.024785e+000 3.685229e-001 3.217263e-001 3.243806e-001 3.853623e-001 6.372444e-001 5.852500e-001 5.749339e-001 5.831307e-001 4.922725e-001 4.473431e-001 4.554621e-001 3.934111e-001 2.917264e-001
<GCONST> 1.255050e+002
<TRANSP> 3
 0.000000e+000 1.000000e+000 0.000000e+000
 0.000000e+000 9.984708e-001 1.529223e-003
 0.000000e+000 0.000000e+000 0.000000e+000
<ENDHMM>
~h "VACLAV"
<BEGINHMM>
<NUMSTATES> 3
<STATE> 2
<MEAN> 39
 -7.758071e+000 2.122881e+000 2.896075e+000 2.113826e+000 -1.237039e+000 4.241641e+000 -3.010453e+000 3.672645e+000 3.153393e+000 3.516273e+000 4.607311e+000 1.181527e+000 4.698690e+001 2.780835e-005 -2.414733e-004 -6.826816e-004 -7.211802e-004 3.286721e-003 -8.371292e-004 1.285642e-003 2.104642e-004 6.389850e-004 1.845925e-003 -8.989379e-004 -1.953754e-003 9.768399e-007 1.732230e-005 -4.265890e-004 2.698975e-004 2.769334e-004 -4.145913e-004 3.029216e-004 3.126210e-004 1.173316e-004 -3.133628e-004 8.853694e-005 -1.428628e-004 2.784372e-004 1.030172e-004
<VARIANCE> 39
 5.340786e+001 3.792662e+001 4.749818e+001 7.726400e+001 6.423381e+001 4.388207e+001 6.842958e+001 5.638996e+001 5.201623e+001 4.249184e+001 2.632235e+001 4.566848e+001 6.871889e+001 2.305293e+000 2.584836e+000 2.127359e+000 3.938073e+000 3.558708e+000 2.661850e+000 3.850259e+000 3.317994e+000 3.040483e+000 2.451596e+000 2.160605e+000 2.049411e+000 2.188902e+000 3.359941e-001 4.457267e-001 3.483530e-001 6.719154e-001 6.023752e-001 4.864673e-001 6.653461e-001 6.146280e-001 5.525593e-001 4.505173e-001 4.140718e-001 3.629338e-001 3.524859e-001
<GCONST> 1.259090e+002
<TRANSP> 3
 0.000000e+000 1.000000e+000 0.000000e+000
 0.000000e+000 9.973894e-001 2.610625e-003
 0.000000e+000 0.000000e+000 0.000000e+000
<ENDHMM>
~h "DUTKA"
<BEGINHMM>
<NUMSTATES> 3
<STATE> 2
<MEAN> 39
 -1.638434e+000 -4.783077e+000 3.818234e-001 -1.524728e+001 -1.110493e+001 -3.935616e+000 -1.388625e+001 -1.418921e+000 -5.854859e+000 -4.685100e+000 -4.649900e+000 -5.231925e+000 6.063519e+001 4.747096e-003 -8.453828e-003 -3.414200e-003 -4.979571e-003 3.462039e-003 -7.372367e-003 -3.707144e-003 -2.956269e-003 -5.379438e-003 -2.073675e-003 -7.097139e-003 -1.976136e-003 1.064915e-002 -1.431845e-004 1.894567e-004 6.715245e-005 4.749192e-004 2.578382e-004 -1.635362e-004 -5.517260e-004 -6.345927e-005 -4.388513e-004 -3.734802e-006 2.111744e-004 1.966846e-004 -2.759705e-004
<VARIANCE> 39
 1.326583e+002 1.002299e+002 1.288859e+002 1.117981e+002 8.356935e+001 9.594360e+001 7.430173e+001 8.433874e+001 6.727389e+001 4.447839e+001 4.355089e+001 3.547043e+001 1.324238e+002 3.906770e+000 5.253108e+000 4.545961e+000 5.522032e+000 4.785740e+000 5.049815e+000 4.962645e+000 5.139006e+000 4.394177e+000 3.368410e+000 3.028846e+000 2.613672e+000 3.493550e+000 5.216312e-001 8.224054e-001 7.027016e-001 9.454619e-001 8.535472e-001 8.444681e-001 9.050891e-001 9.082822e-001 8.121566e-001 6.495335e-001 5.731060e-001 4.918711e-001 4.781006e-001
<GCONST> 1.429735e+002
<TRANSP> 3
 0.000000e+000 1.000000e+000 0.000000e+000
 0.000000e+000 9.982075e-001 1.792516e-003
 0.000000e+000 0.000000e+000 0.000000e+000
<ENDHMM>
~h "BLAZEK"
<BEGINHMM>
<NUMSTATES> 3
<STATE> 2
<MEAN> 39
 -7.338660e+000 -1.425336e+000 1.902632e+000 -3.937559e+000 -1.165270e+000 -3.012317e+000 -1.061313e+000 -1.085819e+000 5.156915e-001 1.163888e-001 1.003084e+000 -1.655420e+000 5.896407e+001 -4.589853e-003 2.564762e-003 -2.368802e-004 -2.162330e-003 5.533572e-003 -5.287499e-003 5.359219e-003 -2.072968e-004 -1.110092e-003 3.778560e-003 -6.284188e-004 -1.420895e-003 1.446447e-003 3.540896e-004 -5.478643e-004 6.576537e-004 7.698937e-004 -2.754628e-004 -1.590754e-004 2.010115e-004 3.994945e-004 2.332503e-004 -6.490624e-004 2.070631e-004 -9.539865e-005 -2.428031e-004
<VARIANCE> 39
 7.346133e+001 3.632713e+001 5.911161e+001 4.917608e+001 4.649717e+001 5.339630e+001 5.460321e+001 3.835269e+001 3.635784e+001 2.716197e+001 2.628868e+001 3.092511e+001 1.026449e+002 3.303520e+000 2.350914e+000 2.497431e+000 3.116444e+000 3.511569e+000 3.165953e+000 3.973938e+000 2.758273e+000 2.593127e+000 2.183551e+000 2.166829e+000 2.155063e+000 3.245221e+000 4.830546e-001 3.996139e-001 3.997703e-001 5.610721e-001 6.494341e-001 5.726282e-001 7.176855e-001 5.195774e-001 4.850184e-001 4.189378e-001 4.127163e-001 4.081993e-001 5.373344e-001
<GCONST> 1.254783e+002
<TRANSP> 3
 0.000000e+000 1.000000e+000 0.000000e+000
 0.000000e+000 9.983500e-001 1.650029e-003
 0.000000e+000 0.000000e+000 0.000000e+000
<ENDHMM>
~h "KOUNOVSKY"
<BEGINHMM>
<NUMSTATES> 3
<STATE> 2
<MEAN> 39
 -7.123005e+000 -2.359560e+000 2.258459e+000 4.675819e+000 -9.808222e+000 5.638620e+000 -4.462861e+000 -3.483526e+000 -1.915081e+000 2.099652e+000 -2.489169e+000 -2.085963e+000 5.696926e+001 -4.852064e-003 -1.010875e-003 -1.623873e-003 -2.727740e-003 -1.124055e-003 7.390500e-004 -9.738352e-004 -5.143568e-003 -7.588783e-003 -6.209703e-003 -3.073341e-003 -7.523878e-003 -3.256748e-003 3.169865e-004 -3.366961e-005 1.035715e-004 -5.529652e-004 -2.608792e-004 -1.833456e-004 6.967214e-004 -2.911681e-004 1.293683e-003 1.550537e-005 -1.512394e-004 1.262976e-003 1.064885e-004
<VARIANCE> 39
 8.090182e+001 4.722213e+001 6.580033e+001 5.024343e+001 1.071789e+002 6.308212e+001 6.240520e+001 5.499273e+001 5.463645e+001 4.474847e+001 3.667718e+001 3.017805e+001 1.341417e+002 3.313068e+000 2.846378e+000 2.682454e+000 2.680812e+000 4.423759e+000 3.111994e+000 3.904399e+000 2.789726e+000 3.272521e+000 2.547078e+000 2.140376e+000 1.769928e+000 3.061132e+000 4.366502e-001 4.920293e-001 4.144874e-001 4.409609e-001 6.947060e-001 5.098916e-001 6.694954e-001 4.917410e-001 5.752904e-001 4.451792e-001 3.994645e-001 3.214600e-001 5.040111e-001
<GCONST> 1.290108e+002
<TRANSP> 3
 0.000000e+000 1.000000e+000 0.000000e+000
 0.000000e+000 9.971880e-001 2.811952e-003
 0.000000e+000 0.000000e+000 0.000000e+000
<ENDHMM>
~h "KOLAR"
<BEGINHMM>
<NUMSTATES> 3
<STATE> 2
<MEAN> 39
 -4.461823e+000 2.680012e+000 -2.691793e+000 6.622961e+000 -1.858254e+000 1.739592e+000 1.655761e-001 2.575914e+000 1.474795e+000 4.744638e+000 4.514934e+000 -9.122950e-001 5.768585e+001 -7.858356e-004 8.057546e-004 1.195701e-003 1.311204e-003 2.134009e-003 9.583529e-004 1.737754e-004 1.174736e-003 1.315499e-003 2.097524e-003 3.915844e-004 2.754802e-004 -1.958281e-003 2.510776e-004 -1.518921e-004 8.690633e-007 -2.128077e-004 5.322637e-006 -6.627768e-004 2.478481e-004 -3.514597e-004 7.298306e-005 -1.262732e-004 -6.240507e-004 -2.679667e-004 3.122235e-004
<VARIANCE> 39
 5.280482e+001 1.924145e+001 3.147606e+001 2.233158e+001 6.705582e+001 3.897219e+001 5.238188e+001 3.536878e+001 3.510903e+001 2.422307e+001 2.280633e+001 4.833084e+001 6.339013e+001 1.700254e+000 1.152929e+000 1.843824e+000 1.285005e+000 2.592958e+000 1.892024e+000 2.658014e+000 1.982060e+000 1.860980e+000 1.528966e+000 1.580587e+000 1.803774e+000 1.565439e+000 2.256642e-001 2.026133e-001 3.165421e-001 2.233920e-001 4.265334e-001 3.377733e-001 4.498684e-001 3.566867e-001 3.364184e-001 2.787090e-001 3.036826e-001 3.100920e-001 2.422707e-001
<GCONST> 1.101296e+002
<TRANSP> 3
 0.000000e+000 1.000000e+000 0.000000e+000
 0.000000e+000 9.982134e-001 1.786672e-003
 0.000000e+000 0.000000e+000 0.000000e+000
<ENDHMM>
~h "HALADAVETY"
<BEGINHMM>
<NUMSTATES> 3
<STATE> 2
<MEAN> 39
 -1.081422e+001 1.659051e-001 -3.954395e+000 -2.184121e+000 -1.043223e+001 -1.043904e+000 -1.217194e+001 -3.406883e+000 -4.925753e+000 -4.546743e+000 -1.827311e+000 -2.047229e+000 5.387160e+001 2.067620e-003 2.282528e-003 1.492161e-003 -6.645102e-004 1.067785e-003 2.165584e-003 -1.353837e-003 -4.809969e-003 -3.541289e-003 -4.527447e-004 -5.130343e-004 -5.658512e-003 8.685949e-004 -3.468022e-005 -1.593020e-004 -3.617040e-004 -2.178744e-004 -4.053273e-004 -1.167837e-003 1.075326e-003 1.688309e-003 1.163930e-004 -1.534064e-003 -1.036951e-003 2.531316e-003 -6.208615e-005
<VARIANCE> 39
 1.218888e+002 6.208237e+001 7.541422e+001 7.355634e+001 6.132549e+001 8.202844e+001 6.520683e+001 6.569732e+001 5.188422e+001 3.766643e+001 4.401597e+001 3.979971e+001 3.173886e+002 3.392189e+000 3.044051e+000 2.810677e+000 3.206528e+000 3.745107e+000 4.351294e+000 4.131252e+000 4.010805e+000 3.364819e+000 2.745350e+000 2.904649e+000 2.713763e+000 4.422217e+000 4.999003e-001 4.868381e-001 4.469994e-001 5.300213e-001 6.729437e-001 7.589458e-001 7.671899e-001 7.349256e-001 6.219717e-001 5.301633e-001 5.497386e-001 5.148462e-001 6.613414e-001
<GCONST> 1.359452e+002
<TRANSP> 3
 0.000000e+000 1.000000e+000 0.000000e+000
 0.000000e+000 9.987579e-001 1.242120e-003
 0.000000e+000 0.000000e+000 0.000000e+000
<ENDHMM>
~h "HORKYVETY"
<BEGINHMM>
<NUMSTATES> 3
<STATE> 2
<MEAN> 39
 -1.658084e+001 5.511904e-001 -4.070242e+000 -3.741398e-001 -7.426920e+000 -1.390622e+000 -5.937458e+000 -2.746773e+000 3.077980e-001 -2.611958e+000 3.716782e+000 -3.095665e+000 4.530925e+001 -1.520760e-002 6.955886e-004 -4.627059e-003 -3.801937e-003 2.245497e-003 -3.468714e-003 1.445204e-003 1.872423e-005 -5.127850e-003 3.590264e-003 -4.171980e-003 2.775528e-003 -5.117232e-003 4.382091e-003 6.549666e-005 1.041106e-003 1.729096e-004 3.383643e-004 6.163960e-004 1.329553e-004 4.614567e-004 -9.146121e-004 -8.637401e-004 -3.694861e-004 -3.691521e-004 2.564837e-003
<VARIANCE> 39
 7.300903e+001 2.915046e+001 6.607004e+001 5.251662e+001 4.490132e+001 5.114021e+001 4.903521e+001 5.171857e+001 3.612633e+001 4.455435e+001 4.863947e+001 3.299630e+001 2.518710e+002 2.898002e+000 1.901833e+000 2.141515e+000 2.608309e+000 2.917360e+000 2.572920e+000 3.347655e+000 2.837126e+000 2.849914e+000 2.994215e+000 2.874760e+000 2.059066e+000 4.598953e+000 4.158173e-001 3.350753e-001 3.467636e-001 4.303584e-001 5.125627e-001 4.684350e-001 5.698742e-001 4.947726e-001 5.208886e-001 5.300173e-001 5.046090e-001 3.704613e-001 7.074176e-001
<GCONST> 1.266288e+002
<TRANSP> 3
 0.000000e+000 1.000000e+000 0.000000e+000
 0.000000e+000 9.984801e-001 1.519930e-003
 0.000000e+000 0.000000e+000 0.000000e+000
<ENDHMM>
~h "CHMELIK"
<BEGINHMM>
<NUMSTATES> 3
<STATE> 2
<MEAN> 39
 -9.930381e+000 -5.087169e+000 1.310525e+000 -4.605111e+000 -5.153850e+000 -3.719052e+000 -1.496733e+000 -1.372791e+000 9.318793e-001 -1.106640e+000 2.203074e-002 -4.257039e+000 6.259284e+001 2.816451e-002 -2.680867e-002 -6.169090e-003 -1.280698e-002 1.902051e-002 -2.380706e-002 -2.170181e-003 -2.426859e-003 -1.268879e-004 2.076311e-003 -8.619129e-003 -2.939406e-003 5.547785e-002 -1.243920e-003 1.100352e-003 2.737336e-004 6.360108e-004 -8.042795e-004 6.472802e-004 2.395675e-004 8.539201e-005 -4.034024e-004 -2.941072e-004 1.263945e-003 5.735460e-004 -1.899176e-003
<VARIANCE> 39
 6.571331e+001 3.532264e+001 6.263864e+001 3.126988e+001 3.776124e+001 3.080282e+001 2.744159e+001 3.044822e+001 3.126200e+001 2.291103e+001 2.026414e+001 2.200653e+001 1.002576e+002 3.757214e+000 2.449544e+000 2.882276e+000 2.518578e+000 2.967907e+000 2.529725e+000 2.621217e+000 2.669967e+000 2.731612e+000 2.160475e+000 1.921768e+000 1.791862e+000 2.737431e+000 5.842812e-001 4.296623e-001 4.819037e-001 4.760969e-001 5.652574e-001 4.843495e-001 5.161171e-001 5.249233e-001 5.327425e-001 4.388582e-001 3.798204e-001 3.458073e-001 4.669438e-001
<GCONST> 1.205579e+002
<TRANSP> 3
 0.000000e+000 1.000000e+000 0.000000e+000
 0.000000e+000 9.983341e-001 1.665884e-003
 0.000000e+000 0.000000e+000 0.000000e+000
<ENDHMM>
~h "VACEKVETY"
<BEGINHMM>
<NUMSTATES> 3
<STATE> 2
<MEAN> 39
 -7.114916e+000 1.337591e+000 -1.394174e+000 -1.597841e+000 -3.863010e+000 -3.363962e+000 -6.352096e+000 -5.196819e+000 -4.043442e+000 3.095831e+000 -3.812780e+000 -2.602090e+000 5.324149e+001 2.175644e-003 5.770312e-004 -1.500847e-003 -1.397087e-003 9.335661e-004 2.054022e-004 -1.010030e-003 -1.901922e-003 -8.171494e-004 1.510583e-003 2.030786e-003 -3.874864e-003 1.331596e-003 3.083137e-004 4.796813e-005 -5.342630e-004 -2.487482e-004 -9.804547e-004 -8.178789e-004 1.308339e-003 1.976343e-003 6.047116e-004 -1.561549e-003 -6.880413e-004 1.987446e-003 7.748091e-005
<VARIANCE> 39
 1.779546e+002 5.254233e+001 1.009875e+002 6.577703e+001 6.250174e+001 9.107674e+001 6.066802e+001 7.910476e+001 7.074769e+001 5.251715e+001 4.023807e+001 3.836978e+001 2.619439e+002 4.365996e+000 3.287050e+000 3.434712e+000 3.627386e+000 3.523493e+000 4.144362e+000 4.493463e+000 4.764318e+000 4.390997e+000 3.502091e+000 2.655063e+000 2.746081e+000 2.909145e+000 5.712697e-001 5.365909e-001 5.036674e-001 6.089971e-001 6.120842e-001 7.008073e-001 8.289933e-001 8.353224e-001 7.769222e-001 6.570770e-001 5.067670e-001 5.187764e-001 4.503531e-001
<GCONST> 1.382097e+002
<TRANSP> 3
 0.000000e+000 1.000000e+000 0.000000e+000
 0.000000e+000 9.981127e-001 1.887237e-003
 0.000000e+000 0.000000e+000 0.000000e+000
<ENDHMM>
~h "DVORSKY"
<BEGINHMM>
<NUMSTATES> 3
<STATE> 2
<MEAN> 39
 -5.239577e+000 2.630463e+000 4.749556e+000 5.348237e-001 1.978955e+000 -4.981455e-001 2.702221e-001 1.253267e+000 -3.224808e-002 3.542487e+000 1.478657e+000 -5.962242e-001 5.880445e+001 -2.418611e-004 2.709096e-004 -2.161512e-004 -3.839847e-004 -4.383128e-004 1.806961e-003 7.085106e-004 -3.406666e-004 2.268964e-004 -6.025684e-004 -9.084599e-004 -6.133927e-004 -1.094576e-003 -1.214479e-004 -7.078151e-005 2.202893e-004 7.898048e-005 -2.866229e-004 -1.145072e-004 3.773922e-005 5.634101e-004 -4.836872e-004 -6.922674e-005 7.668832e-004 1.097002e-004 5.173742e-005
<VARIANCE> 39
 5.697142e+001 3.835534e+001 5.615876e+001 5.691098e+001 3.997599e+001 5.196205e+001 4.410213e+001 3.746053e+001 4.461706e+001 2.909573e+001 3.063029e+001 2.822395e+001 1.391544e+002 3.059269e+000 2.245700e+000 2.564901e+000 3.616452e+000 2.777153e+000 2.966885e+000 3.164520e+000 3.046086e+000 3.395222e+000 2.418309e+000 2.236387e+000 2.027337e+000 3.183449e+000 4.667592e-001 3.932084e-001 3.998573e-001 6.158404e-001 4.982020e-001 5.321538e-001 5.767403e-001 5.824715e-001 6.287675e-001 4.624412e-001 4.211207e-001 3.836102e-001 5.257221e-001
<GCONST> 1.254394e+002
<TRANSP> 3
 0.000000e+000 1.000000e+000 0.000000e+000
 0.000000e+000 9.980264e-001 1.973652e-003
 0.000000e+000 0.000000e+000 0.000000e+000
<ENDHMM>
~h "POLACEKVETY"
<BEGINHMM>
<NUMSTATES> 3
<STATE> 2
<MEAN> 39
 -7.726555e+000 4.263428e-001 6.733476e-001 -9.414314e-001 -9.691381e+000 -3.621129e-001 -9.610600e+000 -2.521321e-001 -1.975512e+000 -3.208133e-002 -9.895024e-001 -4.316474e+000 5.160899e+001 1.264374e-002 4.507346e-003 7.288662e-003 -4.992746e-003 5.056979e-003 1.330205e-003 -3.786933e-003 -5.217587e-003 -4.510296e-003 3.205284e-003 -3.266668e-003 -5.161714e-003 1.757475e-002 2.841693e-004 -3.476860e-005 4.418509e-005 2.647381e-004 -5.118073e-004 -8.398701e-004 9.651852e-004 1.972350e-003 7.656228e-005 -1.073516e-003 -7.969519e-004 2.442754e-003 -2.862213e-004
<VARIANCE> 39
 8.772120e+001 4.459118e+001 7.893508e+001 4.163935e+001 6.536729e+001 5.285201e+001 4.636791e+001 3.478933e+001 3.763696e+001 2.735100e+001 2.472566e+001 3.070974e+001 1.333998e+002 3.483480e+000 2.550960e+000 2.568494e+000 2.714435e+000 3.524151e+000 2.681734e+000 2.894843e+000 2.562306e+000 2.408960e+000 2.042278e+000 1.861288e+000 1.939234e+000 2.599242e+000 4.618146e-001 4.294870e-001 3.905534e-001 4.846258e-001 5.946248e-001 4.774951e-001 5.337812e-001 4.775492e-001 4.483453e-001 3.885307e-001 3.568088e-001 3.497938e-001 4.178846e-001
<GCONST> 1.236416e+002
<TRANSP> 3
 0.000000e+000 1.000000e+000 0.000000e+000
 0.000000e+000 9.988280e-001 1.171989e-003
 0.000000e+000 0.000000e+000 0.000000e+000
<ENDHMM>
