~o
<STREAMINFO> 1 39
<VECSIZE> 39<NULLD><MFCC_D_A_0><DIAGC>
~h "proto-3s-39f"
<BEGINHMM>
<NUMSTATES> 5
<STATE> 2
<MEAN> 39
 -7.813829e+000 -7.497818e-001 8.413972e-001 -2.883707e+000 -5.683646e+000 -1.313716e+000 -5.446836e+000 -8.918657e-001 -1.199311e+000 3.698298e-001 -1.363907e-001 -2.461084e+000 5.794243e+001 2.694341e-003 -9.137550e-004 6.731764e-004 -1.996054e-003 2.933095e-003 -1.455626e-003 -3.809859e-004 -2.034652e-003 -2.229596e-003 6.773740e-004 -1.500016e-003 -2.062361e-003 5.876816e-003 -9.767911e-005 3.108020e-005 1.617895e-004 2.720808e-005 -2.160575e-004 -1.646233e-004 1.280099e-004 3.867377e-004 -1.539114e-004 -3.703207e-004 -1.389973e-004 5.455295e-004 -1.276175e-004
<VARIANCE> 39
 8.662748e+001 5.994563e+001 7.916013e+001 8.218511e+001 7.897664e+001 6.714261e+001 7.744637e+001 5.287741e+001 5.308938e+001 4.073252e+001 3.862587e+001 3.614898e+001 1.639816e+002 2.908825e+000 2.576600e+000 2.631305e+000 3.082682e+000 3.442594e+000 3.159670e+000 3.594421e+000 3.095913e+000 3.069165e+000 2.367395e+000 2.214757e+000 2.075739e+000 2.692707e+000 4.115164e-001 4.243000e-001 4.114692e-001 5.285970e-001 5.987328e-001 5.530283e-001 6.455765e-001 5.680423e-001 5.589685e-001 4.480609e-001 4.211876e-001 3.854122e-001 4.190618e-001
<GCONST> 1.298779e+002
<STATE> 3
<MEAN> 39
 -7.813829e+000 -7.497818e-001 8.413972e-001 -2.883707e+000 -5.683646e+000 -1.313716e+000 -5.446836e+000 -8.918657e-001 -1.199311e+000 3.698298e-001 -1.363907e-001 -2.461084e+000 5.794243e+001 2.694341e-003 -9.137550e-004 6.731764e-004 -1.996054e-003 2.933095e-003 -1.455626e-003 -3.809859e-004 -2.034652e-003 -2.229596e-003 6.773740e-004 -1.500016e-003 -2.062361e-003 5.876816e-003 -9.767911e-005 3.108020e-005 1.617895e-004 2.720808e-005 -2.160575e-004 -1.646233e-004 1.280099e-004 3.867377e-004 -1.539114e-004 -3.703207e-004 -1.389973e-004 5.455295e-004 -1.276175e-004
<VARIANCE> 39
 8.662748e+001 5.994563e+001 7.916013e+001 8.218511e+001 7.897664e+001 6.714261e+001 7.744637e+001 5.287741e+001 5.308938e+001 4.073252e+001 3.862587e+001 3.614898e+001 1.639816e+002 2.908825e+000 2.576600e+000 2.631305e+000 3.082682e+000 3.442594e+000 3.159670e+000 3.594421e+000 3.095913e+000 3.069165e+000 2.367395e+000 2.214757e+000 2.075739e+000 2.692707e+000 4.115164e-001 4.243000e-001 4.114692e-001 5.285970e-001 5.987328e-001 5.530283e-001 6.455765e-001 5.680423e-001 5.589685e-001 4.480609e-001 4.211876e-001 3.854122e-001 4.190618e-001
<GCONST> 1.298779e+002
<STATE> 4
<MEAN> 39
 -7.813829e+000 -7.497818e-001 8.413972e-001 -2.883707e+000 -5.683646e+000 -1.313716e+000 -5.446836e+000 -8.918657e-001 -1.199311e+000 3.698298e-001 -1.363907e-001 -2.461084e+000 5.794243e+001 2.694341e-003 -9.137550e-004 6.731764e-004 -1.996054e-003 2.933095e-003 -1.455626e-003 -3.809859e-004 -2.034652e-003 -2.229596e-003 6.773740e-004 -1.500016e-003 -2.062361e-003 5.876816e-003 -9.767911e-005 3.108020e-005 1.617895e-004 2.720808e-005 -2.160575e-004 -1.646233e-004 1.280099e-004 3.867377e-004 -1.539114e-004 -3.703207e-004 -1.389973e-004 5.455295e-004 -1.276175e-004
<VARIANCE> 39
 8.662748e+001 5.994563e+001 7.916013e+001 8.218511e+001 7.897664e+001 6.714261e+001 7.744637e+001 5.287741e+001 5.308938e+001 4.073252e+001 3.862587e+001 3.614898e+001 1.639816e+002 2.908825e+000 2.576600e+000 2.631305e+000 3.082682e+000 3.442594e+000 3.159670e+000 3.594421e+000 3.095913e+000 3.069165e+000 2.367395e+000 2.214757e+000 2.075739e+000 2.692707e+000 4.115164e-001 4.243000e-001 4.114692e-001 5.285970e-001 5.987328e-001 5.530283e-001 6.455765e-001 5.680423e-001 5.589685e-001 4.480609e-001 4.211876e-001 3.854122e-001 4.190618e-001
<GCONST> 1.298779e+002
<TRANSP> 5
 0.000000e+000 1.000000e+000 0.000000e+000 0.000000e+000 0.000000e+000
 0.000000e+000 6.000000e-001 4.000000e-001 0.000000e+000 0.000000e+000
 0.000000e+000 0.000000e+000 6.000000e-001 4.000000e-001 0.000000e+000
 0.000000e+000 0.000000e+000 0.000000e+000 6.000000e-001 4.000000e-001
 0.000000e+000 0.000000e+000 0.000000e+000 0.000000e+000 0.000000e+000
<ENDHMM>
