~o
<STREAMINFO> 1 39
<VECSIZE> 39<NULLD><MFCC_D_A_0><DIAGC>
~h "MKK"
<BEGINHMM>
<NUMSTATES> 3
<STATE> 2
<MEAN> 39
 -7.278597e+000 -4.161878e-001 1.678821e+000 -3.097449e+000 -4.298425e+000 -2.161171e+000 -3.598502e+000 -1.042011e+000 -7.005705e-001 2.425221e-001 -5.637408e-002 -1.743240e+000 6.071321e+001 7.856661e-004 6.201610e-004 2.783904e-004 -1.824549e-004 2.543501e-003 2.732660e-004 4.128236e-004 -1.179280e-003 -9.860897e-004 5.210666e-004 -7.798747e-004 -8.062158e-004 9.013670e-004 1.926498e-004 -1.655358e-005 7.776146e-005 -3.660778e-005 -2.063320e-004 -1.587624e-004 -1.005904e-004 1.058934e-004 -1.298303e-004 -2.134018e-004 -1.574759e-004 1.891383e-004 1.036729e-004
<VARIANCE> 39
 8.321468e+001 5.459295e+001 7.052209e+001 7.959368e+001 7.758332e+001 6.941787e+001 7.638258e+001 5.537037e+001 5.701574e+001 4.033969e+001 4.642102e+001 3.587459e+001 1.711441e+002 3.261385e+000 2.681625e+000 2.607508e+000 3.508358e+000 3.696822e+000 3.325506e+000 3.532764e+000 3.276742e+000 3.271481e+000 2.560002e+000 2.541908e+000 2.116789e+000 3.216253e+000 4.691547e-001 4.537904e-001 4.156433e-001 5.967566e-001 6.439431e-001 5.867372e-001 6.307397e-001 6.007181e-001 5.869341e-001 4.851366e-001 4.700565e-001 3.924311e-001 5.189056e-001
<GCONST> 1.318027e+002
<TRANSP> 3
 0.000000e+000 1.000000e+000 0.000000e+000
 0.000000e+000 6.000000e-001 4.000000e-001
 0.000000e+000 0.000000e+000 0.000000e+000
<ENDHMM>
~o
<STREAMINFO> 1 39
<VECSIZE> 39<NULLD><MFCC_D_A_0><DIAGC>
~h "ZSS2"
<BEGINHMM>
<NUMSTATES> 3
<STATE> 2
<MEAN> 39
 -7.278597e+000 -4.161878e-001 1.678821e+000 -3.097449e+000 -4.298425e+000 -2.161171e+000 -3.598502e+000 -1.042011e+000 -7.005705e-001 2.425221e-001 -5.637408e-002 -1.743240e+000 6.071321e+001 7.856661e-004 6.201610e-004 2.783904e-004 -1.824549e-004 2.543501e-003 2.732660e-004 4.128236e-004 -1.179280e-003 -9.860897e-004 5.210666e-004 -7.798747e-004 -8.062158e-004 9.013670e-004 1.926498e-004 -1.655358e-005 7.776146e-005 -3.660778e-005 -2.063320e-004 -1.587624e-004 -1.005904e-004 1.058934e-004 -1.298303e-004 -2.134018e-004 -1.574759e-004 1.891383e-004 1.036729e-004
<VARIANCE> 39
 8.321468e+001 5.459295e+001 7.052209e+001 7.959368e+001 7.758332e+001 6.941787e+001 7.638258e+001 5.537037e+001 5.701574e+001 4.033969e+001 4.642102e+001 3.587459e+001 1.711441e+002 3.261385e+000 2.681625e+000 2.607508e+000 3.508358e+000 3.696822e+000 3.325506e+000 3.532764e+000 3.276742e+000 3.271481e+000 2.560002e+000 2.541908e+000 2.116789e+000 3.216253e+000 4.691547e-001 4.537904e-001 4.156433e-001 5.967566e-001 6.439431e-001 5.867372e-001 6.307397e-001 6.007181e-001 5.869341e-001 4.851366e-001 4.700565e-001 3.924311e-001 5.189056e-001
<GCONST> 1.318027e+002
<TRANSP> 3
 0.000000e+000 1.000000e+000 0.000000e+000
 0.000000e+000 6.000000e-001 4.000000e-001
 0.000000e+000 0.000000e+000 0.000000e+000
<ENDHMM>
~o
<STREAMINFO> 1 39
<VECSIZE> 39<NULLD><MFCC_D_A_0><DIAGC>
~h "MMS"
<BEGINHMM>
<NUMSTATES> 3
<STATE> 2
<MEAN> 39
 -7.278597e+000 -4.161878e-001 1.678821e+000 -3.097449e+000 -4.298425e+000 -2.161171e+000 -3.598502e+000 -1.042011e+000 -7.005705e-001 2.425221e-001 -5.637408e-002 -1.743240e+000 6.071321e+001 7.856661e-004 6.201610e-004 2.783904e-004 -1.824549e-004 2.543501e-003 2.732660e-004 4.128236e-004 -1.179280e-003 -9.860897e-004 5.210666e-004 -7.798747e-004 -8.062158e-004 9.013670e-004 1.926498e-004 -1.655358e-005 7.776146e-005 -3.660778e-005 -2.063320e-004 -1.587624e-004 -1.005904e-004 1.058934e-004 -1.298303e-004 -2.134018e-004 -1.574759e-004 1.891383e-004 1.036729e-004
<VARIANCE> 39
 8.321468e+001 5.459295e+001 7.052209e+001 7.959368e+001 7.758332e+001 6.941787e+001 7.638258e+001 5.537037e+001 5.701574e+001 4.033969e+001 4.642102e+001 3.587459e+001 1.711441e+002 3.261385e+000 2.681625e+000 2.607508e+000 3.508358e+000 3.696822e+000 3.325506e+000 3.532764e+000 3.276742e+000 3.271481e+000 2.560002e+000 2.541908e+000 2.116789e+000 3.216253e+000 4.691547e-001 4.537904e-001 4.156433e-001 5.967566e-001 6.439431e-001 5.867372e-001 6.307397e-001 6.007181e-001 5.869341e-001 4.851366e-001 4.700565e-001 3.924311e-001 5.189056e-001
<GCONST> 1.318027e+002
<TRANSP> 3
 0.000000e+000 1.000000e+000 0.000000e+000
 0.000000e+000 6.000000e-001 4.000000e-001
 0.000000e+000 0.000000e+000 0.000000e+000
<ENDHMM>
~o
<STREAMINFO> 1 39
<VECSIZE> 39<NULLD><MFCC_D_A_0><DIAGC>
~h "DUTKA"
<BEGINHMM>
<NUMSTATES> 3
<STATE> 2
<MEAN> 39
 -7.278597e+000 -4.161878e-001 1.678821e+000 -3.097449e+000 -4.298425e+000 -2.161171e+000 -3.598502e+000 -1.042011e+000 -7.005705e-001 2.425221e-001 -5.637408e-002 -1.743240e+000 6.071321e+001 7.856661e-004 6.201610e-004 2.783904e-004 -1.824549e-004 2.543501e-003 2.732660e-004 4.128236e-004 -1.179280e-003 -9.860897e-004 5.210666e-004 -7.798747e-004 -8.062158e-004 9.013670e-004 1.926498e-004 -1.655358e-005 7.776146e-005 -3.660778e-005 -2.063320e-004 -1.587624e-004 -1.005904e-004 1.058934e-004 -1.298303e-004 -2.134018e-004 -1.574759e-004 1.891383e-004 1.036729e-004
<VARIANCE> 39
 8.321468e+001 5.459295e+001 7.052209e+001 7.959368e+001 7.758332e+001 6.941787e+001 7.638258e+001 5.537037e+001 5.701574e+001 4.033969e+001 4.642102e+001 3.587459e+001 1.711441e+002 3.261385e+000 2.681625e+000 2.607508e+000 3.508358e+000 3.696822e+000 3.325506e+000 3.532764e+000 3.276742e+000 3.271481e+000 2.560002e+000 2.541908e+000 2.116789e+000 3.216253e+000 4.691547e-001 4.537904e-001 4.156433e-001 5.967566e-001 6.439431e-001 5.867372e-001 6.307397e-001 6.007181e-001 5.869341e-001 4.851366e-001 4.700565e-001 3.924311e-001 5.189056e-001
<GCONST> 1.318027e+002
<TRANSP> 3
 0.000000e+000 1.000000e+000 0.000000e+000
 0.000000e+000 6.000000e-001 4.000000e-001
 0.000000e+000 0.000000e+000 0.000000e+000
<ENDHMM>
~o
<STREAMINFO> 1 39
<VECSIZE> 39<NULLD><MFCC_D_A_0><DIAGC>
~h "DVORSKY"
<BEGINHMM>
<NUMSTATES> 3
<STATE> 2
<MEAN> 39
 -7.278597e+000 -4.161878e-001 1.678821e+000 -3.097449e+000 -4.298425e+000 -2.161171e+000 -3.598502e+000 -1.042011e+000 -7.005705e-001 2.425221e-001 -5.637408e-002 -1.743240e+000 6.071321e+001 7.856661e-004 6.201610e-004 2.783904e-004 -1.824549e-004 2.543501e-003 2.732660e-004 4.128236e-004 -1.179280e-003 -9.860897e-004 5.210666e-004 -7.798747e-004 -8.062158e-004 9.013670e-004 1.926498e-004 -1.655358e-005 7.776146e-005 -3.660778e-005 -2.063320e-004 -1.587624e-004 -1.005904e-004 1.058934e-004 -1.298303e-004 -2.134018e-004 -1.574759e-004 1.891383e-004 1.036729e-004
<VARIANCE> 39
 8.321468e+001 5.459295e+001 7.052209e+001 7.959368e+001 7.758332e+001 6.941787e+001 7.638258e+001 5.537037e+001 5.701574e+001 4.033969e+001 4.642102e+001 3.587459e+001 1.711441e+002 3.261385e+000 2.681625e+000 2.607508e+000 3.508358e+000 3.696822e+000 3.325506e+000 3.532764e+000 3.276742e+000 3.271481e+000 2.560002e+000 2.541908e+000 2.116789e+000 3.216253e+000 4.691547e-001 4.537904e-001 4.156433e-001 5.967566e-001 6.439431e-001 5.867372e-001 6.307397e-001 6.007181e-001 5.869341e-001 4.851366e-001 4.700565e-001 3.924311e-001 5.189056e-001
<GCONST> 1.318027e+002
<TRANSP> 3
 0.000000e+000 1.000000e+000 0.000000e+000
 0.000000e+000 6.000000e-001 4.000000e-001
 0.000000e+000 0.000000e+000 0.000000e+000
<ENDHMM>
~o
<STREAMINFO> 1 39
<VECSIZE> 39<NULLD><MFCC_D_A_0><DIAGC>
~h "DAVID"
<BEGINHMM>
<NUMSTATES> 3
<STATE> 2
<MEAN> 39
 -7.278597e+000 -4.161878e-001 1.678821e+000 -3.097449e+000 -4.298425e+000 -2.161171e+000 -3.598502e+000 -1.042011e+000 -7.005705e-001 2.425221e-001 -5.637408e-002 -1.743240e+000 6.071321e+001 7.856661e-004 6.201610e-004 2.783904e-004 -1.824549e-004 2.543501e-003 2.732660e-004 4.128236e-004 -1.179280e-003 -9.860897e-004 5.210666e-004 -7.798747e-004 -8.062158e-004 9.013670e-004 1.926498e-004 -1.655358e-005 7.776146e-005 -3.660778e-005 -2.063320e-004 -1.587624e-004 -1.005904e-004 1.058934e-004 -1.298303e-004 -2.134018e-004 -1.574759e-004 1.891383e-004 1.036729e-004
<VARIANCE> 39
 8.321468e+001 5.459295e+001 7.052209e+001 7.959368e+001 7.758332e+001 6.941787e+001 7.638258e+001 5.537037e+001 5.701574e+001 4.033969e+001 4.642102e+001 3.587459e+001 1.711441e+002 3.261385e+000 2.681625e+000 2.607508e+000 3.508358e+000 3.696822e+000 3.325506e+000 3.532764e+000 3.276742e+000 3.271481e+000 2.560002e+000 2.541908e+000 2.116789e+000 3.216253e+000 4.691547e-001 4.537904e-001 4.156433e-001 5.967566e-001 6.439431e-001 5.867372e-001 6.307397e-001 6.007181e-001 5.869341e-001 4.851366e-001 4.700565e-001 3.924311e-001 5.189056e-001
<GCONST> 1.318027e+002
<TRANSP> 3
 0.000000e+000 1.000000e+000 0.000000e+000
 0.000000e+000 6.000000e-001 4.000000e-001
 0.000000e+000 0.000000e+000 0.000000e+000
<ENDHMM>
~o
<STREAMINFO> 1 39
<VECSIZE> 39<NULLD><MFCC_D_A_0><DIAGC>
~h "MPM"
<BEGINHMM>
<NUMSTATES> 3
<STATE> 2
<MEAN> 39
 -7.278597e+000 -4.161878e-001 1.678821e+000 -3.097449e+000 -4.298425e+000 -2.161171e+000 -3.598502e+000 -1.042011e+000 -7.005705e-001 2.425221e-001 -5.637408e-002 -1.743240e+000 6.071321e+001 7.856661e-004 6.201610e-004 2.783904e-004 -1.824549e-004 2.543501e-003 2.732660e-004 4.128236e-004 -1.179280e-003 -9.860897e-004 5.210666e-004 -7.798747e-004 -8.062158e-004 9.013670e-004 1.926498e-004 -1.655358e-005 7.776146e-005 -3.660778e-005 -2.063320e-004 -1.587624e-004 -1.005904e-004 1.058934e-004 -1.298303e-004 -2.134018e-004 -1.574759e-004 1.891383e-004 1.036729e-004
<VARIANCE> 39
 8.321468e+001 5.459295e+001 7.052209e+001 7.959368e+001 7.758332e+001 6.941787e+001 7.638258e+001 5.537037e+001 5.701574e+001 4.033969e+001 4.642102e+001 3.587459e+001 1.711441e+002 3.261385e+000 2.681625e+000 2.607508e+000 3.508358e+000 3.696822e+000 3.325506e+000 3.532764e+000 3.276742e+000 3.271481e+000 2.560002e+000 2.541908e+000 2.116789e+000 3.216253e+000 4.691547e-001 4.537904e-001 4.156433e-001 5.967566e-001 6.439431e-001 5.867372e-001 6.307397e-001 6.007181e-001 5.869341e-001 4.851366e-001 4.700565e-001 3.924311e-001 5.189056e-001
<GCONST> 1.318027e+002
<TRANSP> 3
 0.000000e+000 1.000000e+000 0.000000e+000
 0.000000e+000 6.000000e-001 4.000000e-001
 0.000000e+000 0.000000e+000 0.000000e+000
<ENDHMM>
~o
<STREAMINFO> 1 39
<VECSIZE> 39<NULLD><MFCC_D_A_0><DIAGC>
~h "VACEKVETY"
<BEGINHMM>
<NUMSTATES> 3
<STATE> 2
<MEAN> 39
 -7.278597e+000 -4.161878e-001 1.678821e+000 -3.097449e+000 -4.298425e+000 -2.161171e+000 -3.598502e+000 -1.042011e+000 -7.005705e-001 2.425221e-001 -5.637408e-002 -1.743240e+000 6.071321e+001 7.856661e-004 6.201610e-004 2.783904e-004 -1.824549e-004 2.543501e-003 2.732660e-004 4.128236e-004 -1.179280e-003 -9.860897e-004 5.210666e-004 -7.798747e-004 -8.062158e-004 9.013670e-004 1.926498e-004 -1.655358e-005 7.776146e-005 -3.660778e-005 -2.063320e-004 -1.587624e-004 -1.005904e-004 1.058934e-004 -1.298303e-004 -2.134018e-004 -1.574759e-004 1.891383e-004 1.036729e-004
<VARIANCE> 39
 8.321468e+001 5.459295e+001 7.052209e+001 7.959368e+001 7.758332e+001 6.941787e+001 7.638258e+001 5.537037e+001 5.701574e+001 4.033969e+001 4.642102e+001 3.587459e+001 1.711441e+002 3.261385e+000 2.681625e+000 2.607508e+000 3.508358e+000 3.696822e+000 3.325506e+000 3.532764e+000 3.276742e+000 3.271481e+000 2.560002e+000 2.541908e+000 2.116789e+000 3.216253e+000 4.691547e-001 4.537904e-001 4.156433e-001 5.967566e-001 6.439431e-001 5.867372e-001 6.307397e-001 6.007181e-001 5.869341e-001 4.851366e-001 4.700565e-001 3.924311e-001 5.189056e-001
<GCONST> 1.318027e+002
<TRANSP> 3
 0.000000e+000 1.000000e+000 0.000000e+000
 0.000000e+000 6.000000e-001 4.000000e-001
 0.000000e+000 0.000000e+000 0.000000e+000
<ENDHMM>
~o
<STREAMINFO> 1 39
<VECSIZE> 39<NULLD><MFCC_D_A_0><DIAGC>
~h "SMOLA"
<BEGINHMM>
<NUMSTATES> 3
<STATE> 2
<MEAN> 39
 -7.278597e+000 -4.161878e-001 1.678821e+000 -3.097449e+000 -4.298425e+000 -2.161171e+000 -3.598502e+000 -1.042011e+000 -7.005705e-001 2.425221e-001 -5.637408e-002 -1.743240e+000 6.071321e+001 7.856661e-004 6.201610e-004 2.783904e-004 -1.824549e-004 2.543501e-003 2.732660e-004 4.128236e-004 -1.179280e-003 -9.860897e-004 5.210666e-004 -7.798747e-004 -8.062158e-004 9.013670e-004 1.926498e-004 -1.655358e-005 7.776146e-005 -3.660778e-005 -2.063320e-004 -1.587624e-004 -1.005904e-004 1.058934e-004 -1.298303e-004 -2.134018e-004 -1.574759e-004 1.891383e-004 1.036729e-004
<VARIANCE> 39
 8.321468e+001 5.459295e+001 7.052209e+001 7.959368e+001 7.758332e+001 6.941787e+001 7.638258e+001 5.537037e+001 5.701574e+001 4.033969e+001 4.642102e+001 3.587459e+001 1.711441e+002 3.261385e+000 2.681625e+000 2.607508e+000 3.508358e+000 3.696822e+000 3.325506e+000 3.532764e+000 3.276742e+000 3.271481e+000 2.560002e+000 2.541908e+000 2.116789e+000 3.216253e+000 4.691547e-001 4.537904e-001 4.156433e-001 5.967566e-001 6.439431e-001 5.867372e-001 6.307397e-001 6.007181e-001 5.869341e-001 4.851366e-001 4.700565e-001 3.924311e-001 5.189056e-001
<GCONST> 1.318027e+002
<TRANSP> 3
 0.000000e+000 1.000000e+000 0.000000e+000
 0.000000e+000 6.000000e-001 4.000000e-001
 0.000000e+000 0.000000e+000 0.000000e+000
<ENDHMM>
~o
<STREAMINFO> 1 39
<VECSIZE> 39<NULLD><MFCC_D_A_0><DIAGC>
~h "CHMELIK"
<BEGINHMM>
<NUMSTATES> 3
<STATE> 2
<MEAN> 39
 -7.278597e+000 -4.161878e-001 1.678821e+000 -3.097449e+000 -4.298425e+000 -2.161171e+000 -3.598502e+000 -1.042011e+000 -7.005705e-001 2.425221e-001 -5.637408e-002 -1.743240e+000 6.071321e+001 7.856661e-004 6.201610e-004 2.783904e-004 -1.824549e-004 2.543501e-003 2.732660e-004 4.128236e-004 -1.179280e-003 -9.860897e-004 5.210666e-004 -7.798747e-004 -8.062158e-004 9.013670e-004 1.926498e-004 -1.655358e-005 7.776146e-005 -3.660778e-005 -2.063320e-004 -1.587624e-004 -1.005904e-004 1.058934e-004 -1.298303e-004 -2.134018e-004 -1.574759e-004 1.891383e-004 1.036729e-004
<VARIANCE> 39
 8.321468e+001 5.459295e+001 7.052209e+001 7.959368e+001 7.758332e+001 6.941787e+001 7.638258e+001 5.537037e+001 5.701574e+001 4.033969e+001 4.642102e+001 3.587459e+001 1.711441e+002 3.261385e+000 2.681625e+000 2.607508e+000 3.508358e+000 3.696822e+000 3.325506e+000 3.532764e+000 3.276742e+000 3.271481e+000 2.560002e+000 2.541908e+000 2.116789e+000 3.216253e+000 4.691547e-001 4.537904e-001 4.156433e-001 5.967566e-001 6.439431e-001 5.867372e-001 6.307397e-001 6.007181e-001 5.869341e-001 4.851366e-001 4.700565e-001 3.924311e-001 5.189056e-001
<GCONST> 1.318027e+002
<TRANSP> 3
 0.000000e+000 1.000000e+000 0.000000e+000
 0.000000e+000 6.000000e-001 4.000000e-001
 0.000000e+000 0.000000e+000 0.000000e+000
<ENDHMM>
~o
<STREAMINFO> 1 39
<VECSIZE> 39<NULLD><MFCC_D_A_0><DIAGC>
~h "ZNM"
<BEGINHMM>
<NUMSTATES> 3
<STATE> 2
<MEAN> 39
 -7.278597e+000 -4.161878e-001 1.678821e+000 -3.097449e+000 -4.298425e+000 -2.161171e+000 -3.598502e+000 -1.042011e+000 -7.005705e-001 2.425221e-001 -5.637408e-002 -1.743240e+000 6.071321e+001 7.856661e-004 6.201610e-004 2.783904e-004 -1.824549e-004 2.543501e-003 2.732660e-004 4.128236e-004 -1.179280e-003 -9.860897e-004 5.210666e-004 -7.798747e-004 -8.062158e-004 9.013670e-004 1.926498e-004 -1.655358e-005 7.776146e-005 -3.660778e-005 -2.063320e-004 -1.587624e-004 -1.005904e-004 1.058934e-004 -1.298303e-004 -2.134018e-004 -1.574759e-004 1.891383e-004 1.036729e-004
<VARIANCE> 39
 8.321468e+001 5.459295e+001 7.052209e+001 7.959368e+001 7.758332e+001 6.941787e+001 7.638258e+001 5.537037e+001 5.701574e+001 4.033969e+001 4.642102e+001 3.587459e+001 1.711441e+002 3.261385e+000 2.681625e+000 2.607508e+000 3.508358e+000 3.696822e+000 3.325506e+000 3.532764e+000 3.276742e+000 3.271481e+000 2.560002e+000 2.541908e+000 2.116789e+000 3.216253e+000 4.691547e-001 4.537904e-001 4.156433e-001 5.967566e-001 6.439431e-001 5.867372e-001 6.307397e-001 6.007181e-001 5.869341e-001 4.851366e-001 4.700565e-001 3.924311e-001 5.189056e-001
<GCONST> 1.318027e+002
<TRANSP> 3
 0.000000e+000 1.000000e+000 0.000000e+000
 0.000000e+000 6.000000e-001 4.000000e-001
 0.000000e+000 0.000000e+000 0.000000e+000
<ENDHMM>
~o
<STREAMINFO> 1 39
<VECSIZE> 39<NULLD><MFCC_D_A_0><DIAGC>
~h "MPCH"
<BEGINHMM>
<NUMSTATES> 3
<STATE> 2
<MEAN> 39
 -7.278597e+000 -4.161878e-001 1.678821e+000 -3.097449e+000 -4.298425e+000 -2.161171e+000 -3.598502e+000 -1.042011e+000 -7.005705e-001 2.425221e-001 -5.637408e-002 -1.743240e+000 6.071321e+001 7.856661e-004 6.201610e-004 2.783904e-004 -1.824549e-004 2.543501e-003 2.732660e-004 4.128236e-004 -1.179280e-003 -9.860897e-004 5.210666e-004 -7.798747e-004 -8.062158e-004 9.013670e-004 1.926498e-004 -1.655358e-005 7.776146e-005 -3.660778e-005 -2.063320e-004 -1.587624e-004 -1.005904e-004 1.058934e-004 -1.298303e-004 -2.134018e-004 -1.574759e-004 1.891383e-004 1.036729e-004
<VARIANCE> 39
 8.321468e+001 5.459295e+001 7.052209e+001 7.959368e+001 7.758332e+001 6.941787e+001 7.638258e+001 5.537037e+001 5.701574e+001 4.033969e+001 4.642102e+001 3.587459e+001 1.711441e+002 3.261385e+000 2.681625e+000 2.607508e+000 3.508358e+000 3.696822e+000 3.325506e+000 3.532764e+000 3.276742e+000 3.271481e+000 2.560002e+000 2.541908e+000 2.116789e+000 3.216253e+000 4.691547e-001 4.537904e-001 4.156433e-001 5.967566e-001 6.439431e-001 5.867372e-001 6.307397e-001 6.007181e-001 5.869341e-001 4.851366e-001 4.700565e-001 3.924311e-001 5.189056e-001
<GCONST> 1.318027e+002
<TRANSP> 3
 0.000000e+000 1.000000e+000 0.000000e+000
 0.000000e+000 6.000000e-001 4.000000e-001
 0.000000e+000 0.000000e+000 0.000000e+000
<ENDHMM>
~o
<STREAMINFO> 1 39
<VECSIZE> 39<NULLD><MFCC_D_A_0><DIAGC>
~h "VACLAV"
<BEGINHMM>
<NUMSTATES> 3
<STATE> 2
<MEAN> 39
 -7.278597e+000 -4.161878e-001 1.678821e+000 -3.097449e+000 -4.298425e+000 -2.161171e+000 -3.598502e+000 -1.042011e+000 -7.005705e-001 2.425221e-001 -5.637408e-002 -1.743240e+000 6.071321e+001 7.856661e-004 6.201610e-004 2.783904e-004 -1.824549e-004 2.543501e-003 2.732660e-004 4.128236e-004 -1.179280e-003 -9.860897e-004 5.210666e-004 -7.798747e-004 -8.062158e-004 9.013670e-004 1.926498e-004 -1.655358e-005 7.776146e-005 -3.660778e-005 -2.063320e-004 -1.587624e-004 -1.005904e-004 1.058934e-004 -1.298303e-004 -2.134018e-004 -1.574759e-004 1.891383e-004 1.036729e-004
<VARIANCE> 39
 8.321468e+001 5.459295e+001 7.052209e+001 7.959368e+001 7.758332e+001 6.941787e+001 7.638258e+001 5.537037e+001 5.701574e+001 4.033969e+001 4.642102e+001 3.587459e+001 1.711441e+002 3.261385e+000 2.681625e+000 2.607508e+000 3.508358e+000 3.696822e+000 3.325506e+000 3.532764e+000 3.276742e+000 3.271481e+000 2.560002e+000 2.541908e+000 2.116789e+000 3.216253e+000 4.691547e-001 4.537904e-001 4.156433e-001 5.967566e-001 6.439431e-001 5.867372e-001 6.307397e-001 6.007181e-001 5.869341e-001 4.851366e-001 4.700565e-001 3.924311e-001 5.189056e-001
<GCONST> 1.318027e+002
<TRANSP> 3
 0.000000e+000 1.000000e+000 0.000000e+000
 0.000000e+000 6.000000e-001 4.000000e-001
 0.000000e+000 0.000000e+000 0.000000e+000
<ENDHMM>
~o
<STREAMINFO> 1 39
<VECSIZE> 39<NULLD><MFCC_D_A_0><DIAGC>
~h "NOZICKA"
<BEGINHMM>
<NUMSTATES> 3
<STATE> 2
<MEAN> 39
 -7.278597e+000 -4.161878e-001 1.678821e+000 -3.097449e+000 -4.298425e+000 -2.161171e+000 -3.598502e+000 -1.042011e+000 -7.005705e-001 2.425221e-001 -5.637408e-002 -1.743240e+000 6.071321e+001 7.856661e-004 6.201610e-004 2.783904e-004 -1.824549e-004 2.543501e-003 2.732660e-004 4.128236e-004 -1.179280e-003 -9.860897e-004 5.210666e-004 -7.798747e-004 -8.062158e-004 9.013670e-004 1.926498e-004 -1.655358e-005 7.776146e-005 -3.660778e-005 -2.063320e-004 -1.587624e-004 -1.005904e-004 1.058934e-004 -1.298303e-004 -2.134018e-004 -1.574759e-004 1.891383e-004 1.036729e-004
<VARIANCE> 39
 8.321468e+001 5.459295e+001 7.052209e+001 7.959368e+001 7.758332e+001 6.941787e+001 7.638258e+001 5.537037e+001 5.701574e+001 4.033969e+001 4.642102e+001 3.587459e+001 1.711441e+002 3.261385e+000 2.681625e+000 2.607508e+000 3.508358e+000 3.696822e+000 3.325506e+000 3.532764e+000 3.276742e+000 3.271481e+000 2.560002e+000 2.541908e+000 2.116789e+000 3.216253e+000 4.691547e-001 4.537904e-001 4.156433e-001 5.967566e-001 6.439431e-001 5.867372e-001 6.307397e-001 6.007181e-001 5.869341e-001 4.851366e-001 4.700565e-001 3.924311e-001 5.189056e-001
<GCONST> 1.318027e+002
<TRANSP> 3
 0.000000e+000 1.000000e+000 0.000000e+000
 0.000000e+000 6.000000e-001 4.000000e-001
 0.000000e+000 0.000000e+000 0.000000e+000
<ENDHMM>
~o
<STREAMINFO> 1 39
<VECSIZE> 39<NULLD><MFCC_D_A_0><DIAGC>
~h "POLACEKVETY"
<BEGINHMM>
<NUMSTATES> 3
<STATE> 2
<MEAN> 39
 -7.278597e+000 -4.161878e-001 1.678821e+000 -3.097449e+000 -4.298425e+000 -2.161171e+000 -3.598502e+000 -1.042011e+000 -7.005705e-001 2.425221e-001 -5.637408e-002 -1.743240e+000 6.071321e+001 7.856661e-004 6.201610e-004 2.783904e-004 -1.824549e-004 2.543501e-003 2.732660e-004 4.128236e-004 -1.179280e-003 -9.860897e-004 5.210666e-004 -7.798747e-004 -8.062158e-004 9.013670e-004 1.926498e-004 -1.655358e-005 7.776146e-005 -3.660778e-005 -2.063320e-004 -1.587624e-004 -1.005904e-004 1.058934e-004 -1.298303e-004 -2.134018e-004 -1.574759e-004 1.891383e-004 1.036729e-004
<VARIANCE> 39
 8.321468e+001 5.459295e+001 7.052209e+001 7.959368e+001 7.758332e+001 6.941787e+001 7.638258e+001 5.537037e+001 5.701574e+001 4.033969e+001 4.642102e+001 3.587459e+001 1.711441e+002 3.261385e+000 2.681625e+000 2.607508e+000 3.508358e+000 3.696822e+000 3.325506e+000 3.532764e+000 3.276742e+000 3.271481e+000 2.560002e+000 2.541908e+000 2.116789e+000 3.216253e+000 4.691547e-001 4.537904e-001 4.156433e-001 5.967566e-001 6.439431e-001 5.867372e-001 6.307397e-001 6.007181e-001 5.869341e-001 4.851366e-001 4.700565e-001 3.924311e-001 5.189056e-001
<GCONST> 1.318027e+002
<TRANSP> 3
 0.000000e+000 1.000000e+000 0.000000e+000
 0.000000e+000 6.000000e-001 4.000000e-001
 0.000000e+000 0.000000e+000 0.000000e+000
<ENDHMM>
~o
<STREAMINFO> 1 39
<VECSIZE> 39<NULLD><MFCC_D_A_0><DIAGC>
~h "MJB"
<BEGINHMM>
<NUMSTATES> 3
<STATE> 2
<MEAN> 39
 -7.278597e+000 -4.161878e-001 1.678821e+000 -3.097449e+000 -4.298425e+000 -2.161171e+000 -3.598502e+000 -1.042011e+000 -7.005705e-001 2.425221e-001 -5.637408e-002 -1.743240e+000 6.071321e+001 7.856661e-004 6.201610e-004 2.783904e-004 -1.824549e-004 2.543501e-003 2.732660e-004 4.128236e-004 -1.179280e-003 -9.860897e-004 5.210666e-004 -7.798747e-004 -8.062158e-004 9.013670e-004 1.926498e-004 -1.655358e-005 7.776146e-005 -3.660778e-005 -2.063320e-004 -1.587624e-004 -1.005904e-004 1.058934e-004 -1.298303e-004 -2.134018e-004 -1.574759e-004 1.891383e-004 1.036729e-004
<VARIANCE> 39
 8.321468e+001 5.459295e+001 7.052209e+001 7.959368e+001 7.758332e+001 6.941787e+001 7.638258e+001 5.537037e+001 5.701574e+001 4.033969e+001 4.642102e+001 3.587459e+001 1.711441e+002 3.261385e+000 2.681625e+000 2.607508e+000 3.508358e+000 3.696822e+000 3.325506e+000 3.532764e+000 3.276742e+000 3.271481e+000 2.560002e+000 2.541908e+000 2.116789e+000 3.216253e+000 4.691547e-001 4.537904e-001 4.156433e-001 5.967566e-001 6.439431e-001 5.867372e-001 6.307397e-001 6.007181e-001 5.869341e-001 4.851366e-001 4.700565e-001 3.924311e-001 5.189056e-001
<GCONST> 1.318027e+002
<TRANSP> 3
 0.000000e+000 1.000000e+000 0.000000e+000
 0.000000e+000 6.000000e-001 4.000000e-001
 0.000000e+000 0.000000e+000 0.000000e+000
<ENDHMM>
~o
<STREAMINFO> 1 39
<VECSIZE> 39<NULLD><MFCC_D_A_0><DIAGC>
~h "JAN"
<BEGINHMM>
<NUMSTATES> 3
<STATE> 2
<MEAN> 39
 -7.278597e+000 -4.161878e-001 1.678821e+000 -3.097449e+000 -4.298425e+000 -2.161171e+000 -3.598502e+000 -1.042011e+000 -7.005705e-001 2.425221e-001 -5.637408e-002 -1.743240e+000 6.071321e+001 7.856661e-004 6.201610e-004 2.783904e-004 -1.824549e-004 2.543501e-003 2.732660e-004 4.128236e-004 -1.179280e-003 -9.860897e-004 5.210666e-004 -7.798747e-004 -8.062158e-004 9.013670e-004 1.926498e-004 -1.655358e-005 7.776146e-005 -3.660778e-005 -2.063320e-004 -1.587624e-004 -1.005904e-004 1.058934e-004 -1.298303e-004 -2.134018e-004 -1.574759e-004 1.891383e-004 1.036729e-004
<VARIANCE> 39
 8.321468e+001 5.459295e+001 7.052209e+001 7.959368e+001 7.758332e+001 6.941787e+001 7.638258e+001 5.537037e+001 5.701574e+001 4.033969e+001 4.642102e+001 3.587459e+001 1.711441e+002 3.261385e+000 2.681625e+000 2.607508e+000 3.508358e+000 3.696822e+000 3.325506e+000 3.532764e+000 3.276742e+000 3.271481e+000 2.560002e+000 2.541908e+000 2.116789e+000 3.216253e+000 4.691547e-001 4.537904e-001 4.156433e-001 5.967566e-001 6.439431e-001 5.867372e-001 6.307397e-001 6.007181e-001 5.869341e-001 4.851366e-001 4.700565e-001 3.924311e-001 5.189056e-001
<GCONST> 1.318027e+002
<TRANSP> 3
 0.000000e+000 1.000000e+000 0.000000e+000
 0.000000e+000 6.000000e-001 4.000000e-001
 0.000000e+000 0.000000e+000 0.000000e+000
<ENDHMM>
~o
<STREAMINFO> 1 39
<VECSIZE> 39<NULLD><MFCC_D_A_0><DIAGC>
~h "PB"
<BEGINHMM>
<NUMSTATES> 3
<STATE> 2
<MEAN> 39
 -7.278597e+000 -4.161878e-001 1.678821e+000 -3.097449e+000 -4.298425e+000 -2.161171e+000 -3.598502e+000 -1.042011e+000 -7.005705e-001 2.425221e-001 -5.637408e-002 -1.743240e+000 6.071321e+001 7.856661e-004 6.201610e-004 2.783904e-004 -1.824549e-004 2.543501e-003 2.732660e-004 4.128236e-004 -1.179280e-003 -9.860897e-004 5.210666e-004 -7.798747e-004 -8.062158e-004 9.013670e-004 1.926498e-004 -1.655358e-005 7.776146e-005 -3.660778e-005 -2.063320e-004 -1.587624e-004 -1.005904e-004 1.058934e-004 -1.298303e-004 -2.134018e-004 -1.574759e-004 1.891383e-004 1.036729e-004
<VARIANCE> 39
 8.321468e+001 5.459295e+001 7.052209e+001 7.959368e+001 7.758332e+001 6.941787e+001 7.638258e+001 5.537037e+001 5.701574e+001 4.033969e+001 4.642102e+001 3.587459e+001 1.711441e+002 3.261385e+000 2.681625e+000 2.607508e+000 3.508358e+000 3.696822e+000 3.325506e+000 3.532764e+000 3.276742e+000 3.271481e+000 2.560002e+000 2.541908e+000 2.116789e+000 3.216253e+000 4.691547e-001 4.537904e-001 4.156433e-001 5.967566e-001 6.439431e-001 5.867372e-001 6.307397e-001 6.007181e-001 5.869341e-001 4.851366e-001 4.700565e-001 3.924311e-001 5.189056e-001
<GCONST> 1.318027e+002
<TRANSP> 3
 0.000000e+000 1.000000e+000 0.000000e+000
 0.000000e+000 6.000000e-001 4.000000e-001
 0.000000e+000 0.000000e+000 0.000000e+000
<ENDHMM>
~o
<STREAMINFO> 1 39
<VECSIZE> 39<NULLD><MFCC_D_A_0><DIAGC>
~h "MJL"
<BEGINHMM>
<NUMSTATES> 3
<STATE> 2
<MEAN> 39
 -7.278597e+000 -4.161878e-001 1.678821e+000 -3.097449e+000 -4.298425e+000 -2.161171e+000 -3.598502e+000 -1.042011e+000 -7.005705e-001 2.425221e-001 -5.637408e-002 -1.743240e+000 6.071321e+001 7.856661e-004 6.201610e-004 2.783904e-004 -1.824549e-004 2.543501e-003 2.732660e-004 4.128236e-004 -1.179280e-003 -9.860897e-004 5.210666e-004 -7.798747e-004 -8.062158e-004 9.013670e-004 1.926498e-004 -1.655358e-005 7.776146e-005 -3.660778e-005 -2.063320e-004 -1.587624e-004 -1.005904e-004 1.058934e-004 -1.298303e-004 -2.134018e-004 -1.574759e-004 1.891383e-004 1.036729e-004
<VARIANCE> 39
 8.321468e+001 5.459295e+001 7.052209e+001 7.959368e+001 7.758332e+001 6.941787e+001 7.638258e+001 5.537037e+001 5.701574e+001 4.033969e+001 4.642102e+001 3.587459e+001 1.711441e+002 3.261385e+000 2.681625e+000 2.607508e+000 3.508358e+000 3.696822e+000 3.325506e+000 3.532764e+000 3.276742e+000 3.271481e+000 2.560002e+000 2.541908e+000 2.116789e+000 3.216253e+000 4.691547e-001 4.537904e-001 4.156433e-001 5.967566e-001 6.439431e-001 5.867372e-001 6.307397e-001 6.007181e-001 5.869341e-001 4.851366e-001 4.700565e-001 3.924311e-001 5.189056e-001
<GCONST> 1.318027e+002
<TRANSP> 3
 0.000000e+000 1.000000e+000 0.000000e+000
 0.000000e+000 6.000000e-001 4.000000e-001
 0.000000e+000 0.000000e+000 0.000000e+000
<ENDHMM>
~o
<STREAMINFO> 1 39
<VECSIZE> 39<NULLD><MFCC_D_A_0><DIAGC>
~h "HORKYVETY"
<BEGINHMM>
<NUMSTATES> 3
<STATE> 2
<MEAN> 39
 -7.278597e+000 -4.161878e-001 1.678821e+000 -3.097449e+000 -4.298425e+000 -2.161171e+000 -3.598502e+000 -1.042011e+000 -7.005705e-001 2.425221e-001 -5.637408e-002 -1.743240e+000 6.071321e+001 7.856661e-004 6.201610e-004 2.783904e-004 -1.824549e-004 2.543501e-003 2.732660e-004 4.128236e-004 -1.179280e-003 -9.860897e-004 5.210666e-004 -7.798747e-004 -8.062158e-004 9.013670e-004 1.926498e-004 -1.655358e-005 7.776146e-005 -3.660778e-005 -2.063320e-004 -1.587624e-004 -1.005904e-004 1.058934e-004 -1.298303e-004 -2.134018e-004 -1.574759e-004 1.891383e-004 1.036729e-004
<VARIANCE> 39
 8.321468e+001 5.459295e+001 7.052209e+001 7.959368e+001 7.758332e+001 6.941787e+001 7.638258e+001 5.537037e+001 5.701574e+001 4.033969e+001 4.642102e+001 3.587459e+001 1.711441e+002 3.261385e+000 2.681625e+000 2.607508e+000 3.508358e+000 3.696822e+000 3.325506e+000 3.532764e+000 3.276742e+000 3.271481e+000 2.560002e+000 2.541908e+000 2.116789e+000 3.216253e+000 4.691547e-001 4.537904e-001 4.156433e-001 5.967566e-001 6.439431e-001 5.867372e-001 6.307397e-001 6.007181e-001 5.869341e-001 4.851366e-001 4.700565e-001 3.924311e-001 5.189056e-001
<GCONST> 1.318027e+002
<TRANSP> 3
 0.000000e+000 1.000000e+000 0.000000e+000
 0.000000e+000 6.000000e-001 4.000000e-001
 0.000000e+000 0.000000e+000 0.000000e+000
<ENDHMM>
~o
<STREAMINFO> 1 39
<VECSIZE> 39<NULLD><MFCC_D_A_0><DIAGC>
~h "TOMAS"
<BEGINHMM>
<NUMSTATES> 3
<STATE> 2
<MEAN> 39
 -7.278597e+000 -4.161878e-001 1.678821e+000 -3.097449e+000 -4.298425e+000 -2.161171e+000 -3.598502e+000 -1.042011e+000 -7.005705e-001 2.425221e-001 -5.637408e-002 -1.743240e+000 6.071321e+001 7.856661e-004 6.201610e-004 2.783904e-004 -1.824549e-004 2.543501e-003 2.732660e-004 4.128236e-004 -1.179280e-003 -9.860897e-004 5.210666e-004 -7.798747e-004 -8.062158e-004 9.013670e-004 1.926498e-004 -1.655358e-005 7.776146e-005 -3.660778e-005 -2.063320e-004 -1.587624e-004 -1.005904e-004 1.058934e-004 -1.298303e-004 -2.134018e-004 -1.574759e-004 1.891383e-004 1.036729e-004
<VARIANCE> 39
 8.321468e+001 5.459295e+001 7.052209e+001 7.959368e+001 7.758332e+001 6.941787e+001 7.638258e+001 5.537037e+001 5.701574e+001 4.033969e+001 4.642102e+001 3.587459e+001 1.711441e+002 3.261385e+000 2.681625e+000 2.607508e+000 3.508358e+000 3.696822e+000 3.325506e+000 3.532764e+000 3.276742e+000 3.271481e+000 2.560002e+000 2.541908e+000 2.116789e+000 3.216253e+000 4.691547e-001 4.537904e-001 4.156433e-001 5.967566e-001 6.439431e-001 5.867372e-001 6.307397e-001 6.007181e-001 5.869341e-001 4.851366e-001 4.700565e-001 3.924311e-001 5.189056e-001
<GCONST> 1.318027e+002
<TRANSP> 3
 0.000000e+000 1.000000e+000 0.000000e+000
 0.000000e+000 6.000000e-001 4.000000e-001
 0.000000e+000 0.000000e+000 0.000000e+000
<ENDHMM>
~o
<STREAMINFO> 1 39
<VECSIZE> 39<NULLD><MFCC_D_A_0><DIAGC>
~h "ZTV"
<BEGINHMM>
<NUMSTATES> 3
<STATE> 2
<MEAN> 39
 -7.278597e+000 -4.161878e-001 1.678821e+000 -3.097449e+000 -4.298425e+000 -2.161171e+000 -3.598502e+000 -1.042011e+000 -7.005705e-001 2.425221e-001 -5.637408e-002 -1.743240e+000 6.071321e+001 7.856661e-004 6.201610e-004 2.783904e-004 -1.824549e-004 2.543501e-003 2.732660e-004 4.128236e-004 -1.179280e-003 -9.860897e-004 5.210666e-004 -7.798747e-004 -8.062158e-004 9.013670e-004 1.926498e-004 -1.655358e-005 7.776146e-005 -3.660778e-005 -2.063320e-004 -1.587624e-004 -1.005904e-004 1.058934e-004 -1.298303e-004 -2.134018e-004 -1.574759e-004 1.891383e-004 1.036729e-004
<VARIANCE> 39
 8.321468e+001 5.459295e+001 7.052209e+001 7.959368e+001 7.758332e+001 6.941787e+001 7.638258e+001 5.537037e+001 5.701574e+001 4.033969e+001 4.642102e+001 3.587459e+001 1.711441e+002 3.261385e+000 2.681625e+000 2.607508e+000 3.508358e+000 3.696822e+000 3.325506e+000 3.532764e+000 3.276742e+000 3.271481e+000 2.560002e+000 2.541908e+000 2.116789e+000 3.216253e+000 4.691547e-001 4.537904e-001 4.156433e-001 5.967566e-001 6.439431e-001 5.867372e-001 6.307397e-001 6.007181e-001 5.869341e-001 4.851366e-001 4.700565e-001 3.924311e-001 5.189056e-001
<GCONST> 1.318027e+002
<TRANSP> 3
 0.000000e+000 1.000000e+000 0.000000e+000
 0.000000e+000 6.000000e-001 4.000000e-001
 0.000000e+000 0.000000e+000 0.000000e+000
<ENDHMM>
~o
<STREAMINFO> 1 39
<VECSIZE> 39<NULLD><MFCC_D_A_0><DIAGC>
~h "CERNY"
<BEGINHMM>
<NUMSTATES> 3
<STATE> 2
<MEAN> 39
 -7.278597e+000 -4.161878e-001 1.678821e+000 -3.097449e+000 -4.298425e+000 -2.161171e+000 -3.598502e+000 -1.042011e+000 -7.005705e-001 2.425221e-001 -5.637408e-002 -1.743240e+000 6.071321e+001 7.856661e-004 6.201610e-004 2.783904e-004 -1.824549e-004 2.543501e-003 2.732660e-004 4.128236e-004 -1.179280e-003 -9.860897e-004 5.210666e-004 -7.798747e-004 -8.062158e-004 9.013670e-004 1.926498e-004 -1.655358e-005 7.776146e-005 -3.660778e-005 -2.063320e-004 -1.587624e-004 -1.005904e-004 1.058934e-004 -1.298303e-004 -2.134018e-004 -1.574759e-004 1.891383e-004 1.036729e-004
<VARIANCE> 39
 8.321468e+001 5.459295e+001 7.052209e+001 7.959368e+001 7.758332e+001 6.941787e+001 7.638258e+001 5.537037e+001 5.701574e+001 4.033969e+001 4.642102e+001 3.587459e+001 1.711441e+002 3.261385e+000 2.681625e+000 2.607508e+000 3.508358e+000 3.696822e+000 3.325506e+000 3.532764e+000 3.276742e+000 3.271481e+000 2.560002e+000 2.541908e+000 2.116789e+000 3.216253e+000 4.691547e-001 4.537904e-001 4.156433e-001 5.967566e-001 6.439431e-001 5.867372e-001 6.307397e-001 6.007181e-001 5.869341e-001 4.851366e-001 4.700565e-001 3.924311e-001 5.189056e-001
<GCONST> 1.318027e+002
<TRANSP> 3
 0.000000e+000 1.000000e+000 0.000000e+000
 0.000000e+000 6.000000e-001 4.000000e-001
 0.000000e+000 0.000000e+000 0.000000e+000
<ENDHMM>
~o
<STREAMINFO> 1 39
<VECSIZE> 39<NULLD><MFCC_D_A_0><DIAGC>
~h "MVL"
<BEGINHMM>
<NUMSTATES> 3
<STATE> 2
<MEAN> 39
 -7.278597e+000 -4.161878e-001 1.678821e+000 -3.097449e+000 -4.298425e+000 -2.161171e+000 -3.598502e+000 -1.042011e+000 -7.005705e-001 2.425221e-001 -5.637408e-002 -1.743240e+000 6.071321e+001 7.856661e-004 6.201610e-004 2.783904e-004 -1.824549e-004 2.543501e-003 2.732660e-004 4.128236e-004 -1.179280e-003 -9.860897e-004 5.210666e-004 -7.798747e-004 -8.062158e-004 9.013670e-004 1.926498e-004 -1.655358e-005 7.776146e-005 -3.660778e-005 -2.063320e-004 -1.587624e-004 -1.005904e-004 1.058934e-004 -1.298303e-004 -2.134018e-004 -1.574759e-004 1.891383e-004 1.036729e-004
<VARIANCE> 39
 8.321468e+001 5.459295e+001 7.052209e+001 7.959368e+001 7.758332e+001 6.941787e+001 7.638258e+001 5.537037e+001 5.701574e+001 4.033969e+001 4.642102e+001 3.587459e+001 1.711441e+002 3.261385e+000 2.681625e+000 2.607508e+000 3.508358e+000 3.696822e+000 3.325506e+000 3.532764e+000 3.276742e+000 3.271481e+000 2.560002e+000 2.541908e+000 2.116789e+000 3.216253e+000 4.691547e-001 4.537904e-001 4.156433e-001 5.967566e-001 6.439431e-001 5.867372e-001 6.307397e-001 6.007181e-001 5.869341e-001 4.851366e-001 4.700565e-001 3.924311e-001 5.189056e-001
<GCONST> 1.318027e+002
<TRANSP> 3
 0.000000e+000 1.000000e+000 0.000000e+000
 0.000000e+000 6.000000e-001 4.000000e-001
 0.000000e+000 0.000000e+000 0.000000e+000
<ENDHMM>
~o
<STREAMINFO> 1 39
<VECSIZE> 39<NULLD><MFCC_D_A_0><DIAGC>
~h "ZLG"
<BEGINHMM>
<NUMSTATES> 3
<STATE> 2
<MEAN> 39
 -7.278597e+000 -4.161878e-001 1.678821e+000 -3.097449e+000 -4.298425e+000 -2.161171e+000 -3.598502e+000 -1.042011e+000 -7.005705e-001 2.425221e-001 -5.637408e-002 -1.743240e+000 6.071321e+001 7.856661e-004 6.201610e-004 2.783904e-004 -1.824549e-004 2.543501e-003 2.732660e-004 4.128236e-004 -1.179280e-003 -9.860897e-004 5.210666e-004 -7.798747e-004 -8.062158e-004 9.013670e-004 1.926498e-004 -1.655358e-005 7.776146e-005 -3.660778e-005 -2.063320e-004 -1.587624e-004 -1.005904e-004 1.058934e-004 -1.298303e-004 -2.134018e-004 -1.574759e-004 1.891383e-004 1.036729e-004
<VARIANCE> 39
 8.321468e+001 5.459295e+001 7.052209e+001 7.959368e+001 7.758332e+001 6.941787e+001 7.638258e+001 5.537037e+001 5.701574e+001 4.033969e+001 4.642102e+001 3.587459e+001 1.711441e+002 3.261385e+000 2.681625e+000 2.607508e+000 3.508358e+000 3.696822e+000 3.325506e+000 3.532764e+000 3.276742e+000 3.271481e+000 2.560002e+000 2.541908e+000 2.116789e+000 3.216253e+000 4.691547e-001 4.537904e-001 4.156433e-001 5.967566e-001 6.439431e-001 5.867372e-001 6.307397e-001 6.007181e-001 5.869341e-001 4.851366e-001 4.700565e-001 3.924311e-001 5.189056e-001
<GCONST> 1.318027e+002
<TRANSP> 3
 0.000000e+000 1.000000e+000 0.000000e+000
 0.000000e+000 6.000000e-001 4.000000e-001
 0.000000e+000 0.000000e+000 0.000000e+000
<ENDHMM>
~o
<STREAMINFO> 1 39
<VECSIZE> 39<NULLD><MFCC_D_A_0><DIAGC>
~h "MJ"
<BEGINHMM>
<NUMSTATES> 3
<STATE> 2
<MEAN> 39
 -7.278597e+000 -4.161878e-001 1.678821e+000 -3.097449e+000 -4.298425e+000 -2.161171e+000 -3.598502e+000 -1.042011e+000 -7.005705e-001 2.425221e-001 -5.637408e-002 -1.743240e+000 6.071321e+001 7.856661e-004 6.201610e-004 2.783904e-004 -1.824549e-004 2.543501e-003 2.732660e-004 4.128236e-004 -1.179280e-003 -9.860897e-004 5.210666e-004 -7.798747e-004 -8.062158e-004 9.013670e-004 1.926498e-004 -1.655358e-005 7.776146e-005 -3.660778e-005 -2.063320e-004 -1.587624e-004 -1.005904e-004 1.058934e-004 -1.298303e-004 -2.134018e-004 -1.574759e-004 1.891383e-004 1.036729e-004
<VARIANCE> 39
 8.321468e+001 5.459295e+001 7.052209e+001 7.959368e+001 7.758332e+001 6.941787e+001 7.638258e+001 5.537037e+001 5.701574e+001 4.033969e+001 4.642102e+001 3.587459e+001 1.711441e+002 3.261385e+000 2.681625e+000 2.607508e+000 3.508358e+000 3.696822e+000 3.325506e+000 3.532764e+000 3.276742e+000 3.271481e+000 2.560002e+000 2.541908e+000 2.116789e+000 3.216253e+000 4.691547e-001 4.537904e-001 4.156433e-001 5.967566e-001 6.439431e-001 5.867372e-001 6.307397e-001 6.007181e-001 5.869341e-001 4.851366e-001 4.700565e-001 3.924311e-001 5.189056e-001
<GCONST> 1.318027e+002
<TRANSP> 3
 0.000000e+000 1.000000e+000 0.000000e+000
 0.000000e+000 6.000000e-001 4.000000e-001
 0.000000e+000 0.000000e+000 0.000000e+000
<ENDHMM>
~o
<STREAMINFO> 1 39
<VECSIZE> 39<NULLD><MFCC_D_A_0><DIAGC>
~h "MAR"
<BEGINHMM>
<NUMSTATES> 3
<STATE> 2
<MEAN> 39
 -7.278597e+000 -4.161878e-001 1.678821e+000 -3.097449e+000 -4.298425e+000 -2.161171e+000 -3.598502e+000 -1.042011e+000 -7.005705e-001 2.425221e-001 -5.637408e-002 -1.743240e+000 6.071321e+001 7.856661e-004 6.201610e-004 2.783904e-004 -1.824549e-004 2.543501e-003 2.732660e-004 4.128236e-004 -1.179280e-003 -9.860897e-004 5.210666e-004 -7.798747e-004 -8.062158e-004 9.013670e-004 1.926498e-004 -1.655358e-005 7.776146e-005 -3.660778e-005 -2.063320e-004 -1.587624e-004 -1.005904e-004 1.058934e-004 -1.298303e-004 -2.134018e-004 -1.574759e-004 1.891383e-004 1.036729e-004
<VARIANCE> 39
 8.321468e+001 5.459295e+001 7.052209e+001 7.959368e+001 7.758332e+001 6.941787e+001 7.638258e+001 5.537037e+001 5.701574e+001 4.033969e+001 4.642102e+001 3.587459e+001 1.711441e+002 3.261385e+000 2.681625e+000 2.607508e+000 3.508358e+000 3.696822e+000 3.325506e+000 3.532764e+000 3.276742e+000 3.271481e+000 2.560002e+000 2.541908e+000 2.116789e+000 3.216253e+000 4.691547e-001 4.537904e-001 4.156433e-001 5.967566e-001 6.439431e-001 5.867372e-001 6.307397e-001 6.007181e-001 5.869341e-001 4.851366e-001 4.700565e-001 3.924311e-001 5.189056e-001
<GCONST> 1.318027e+002
<TRANSP> 3
 0.000000e+000 1.000000e+000 0.000000e+000
 0.000000e+000 6.000000e-001 4.000000e-001
 0.000000e+000 0.000000e+000 0.000000e+000
<ENDHMM>
~o
<STREAMINFO> 1 39
<VECSIZE> 39<NULLD><MFCC_D_A_0><DIAGC>
~h "MOS"
<BEGINHMM>
<NUMSTATES> 3
<STATE> 2
<MEAN> 39
 -7.278597e+000 -4.161878e-001 1.678821e+000 -3.097449e+000 -4.298425e+000 -2.161171e+000 -3.598502e+000 -1.042011e+000 -7.005705e-001 2.425221e-001 -5.637408e-002 -1.743240e+000 6.071321e+001 7.856661e-004 6.201610e-004 2.783904e-004 -1.824549e-004 2.543501e-003 2.732660e-004 4.128236e-004 -1.179280e-003 -9.860897e-004 5.210666e-004 -7.798747e-004 -8.062158e-004 9.013670e-004 1.926498e-004 -1.655358e-005 7.776146e-005 -3.660778e-005 -2.063320e-004 -1.587624e-004 -1.005904e-004 1.058934e-004 -1.298303e-004 -2.134018e-004 -1.574759e-004 1.891383e-004 1.036729e-004
<VARIANCE> 39
 8.321468e+001 5.459295e+001 7.052209e+001 7.959368e+001 7.758332e+001 6.941787e+001 7.638258e+001 5.537037e+001 5.701574e+001 4.033969e+001 4.642102e+001 3.587459e+001 1.711441e+002 3.261385e+000 2.681625e+000 2.607508e+000 3.508358e+000 3.696822e+000 3.325506e+000 3.532764e+000 3.276742e+000 3.271481e+000 2.560002e+000 2.541908e+000 2.116789e+000 3.216253e+000 4.691547e-001 4.537904e-001 4.156433e-001 5.967566e-001 6.439431e-001 5.867372e-001 6.307397e-001 6.007181e-001 5.869341e-001 4.851366e-001 4.700565e-001 3.924311e-001 5.189056e-001
<GCONST> 1.318027e+002
<TRANSP> 3
 0.000000e+000 1.000000e+000 0.000000e+000
 0.000000e+000 6.000000e-001 4.000000e-001
 0.000000e+000 0.000000e+000 0.000000e+000
<ENDHMM>
~o
<STREAMINFO> 1 39
<VECSIZE> 39<NULLD><MFCC_D_A_0><DIAGC>
~h "ZLR"
<BEGINHMM>
<NUMSTATES> 3
<STATE> 2
<MEAN> 39
 -7.278597e+000 -4.161878e-001 1.678821e+000 -3.097449e+000 -4.298425e+000 -2.161171e+000 -3.598502e+000 -1.042011e+000 -7.005705e-001 2.425221e-001 -5.637408e-002 -1.743240e+000 6.071321e+001 7.856661e-004 6.201610e-004 2.783904e-004 -1.824549e-004 2.543501e-003 2.732660e-004 4.128236e-004 -1.179280e-003 -9.860897e-004 5.210666e-004 -7.798747e-004 -8.062158e-004 9.013670e-004 1.926498e-004 -1.655358e-005 7.776146e-005 -3.660778e-005 -2.063320e-004 -1.587624e-004 -1.005904e-004 1.058934e-004 -1.298303e-004 -2.134018e-004 -1.574759e-004 1.891383e-004 1.036729e-004
<VARIANCE> 39
 8.321468e+001 5.459295e+001 7.052209e+001 7.959368e+001 7.758332e+001 6.941787e+001 7.638258e+001 5.537037e+001 5.701574e+001 4.033969e+001 4.642102e+001 3.587459e+001 1.711441e+002 3.261385e+000 2.681625e+000 2.607508e+000 3.508358e+000 3.696822e+000 3.325506e+000 3.532764e+000 3.276742e+000 3.271481e+000 2.560002e+000 2.541908e+000 2.116789e+000 3.216253e+000 4.691547e-001 4.537904e-001 4.156433e-001 5.967566e-001 6.439431e-001 5.867372e-001 6.307397e-001 6.007181e-001 5.869341e-001 4.851366e-001 4.700565e-001 3.924311e-001 5.189056e-001
<GCONST> 1.318027e+002
<TRANSP> 3
 0.000000e+000 1.000000e+000 0.000000e+000
 0.000000e+000 6.000000e-001 4.000000e-001
 0.000000e+000 0.000000e+000 0.000000e+000
<ENDHMM>
~o
<STREAMINFO> 1 39
<VECSIZE> 39<NULLD><MFCC_D_A_0><DIAGC>
~h "BLAZEK"
<BEGINHMM>
<NUMSTATES> 3
<STATE> 2
<MEAN> 39
 -7.278597e+000 -4.161878e-001 1.678821e+000 -3.097449e+000 -4.298425e+000 -2.161171e+000 -3.598502e+000 -1.042011e+000 -7.005705e-001 2.425221e-001 -5.637408e-002 -1.743240e+000 6.071321e+001 7.856661e-004 6.201610e-004 2.783904e-004 -1.824549e-004 2.543501e-003 2.732660e-004 4.128236e-004 -1.179280e-003 -9.860897e-004 5.210666e-004 -7.798747e-004 -8.062158e-004 9.013670e-004 1.926498e-004 -1.655358e-005 7.776146e-005 -3.660778e-005 -2.063320e-004 -1.587624e-004 -1.005904e-004 1.058934e-004 -1.298303e-004 -2.134018e-004 -1.574759e-004 1.891383e-004 1.036729e-004
<VARIANCE> 39
 8.321468e+001 5.459295e+001 7.052209e+001 7.959368e+001 7.758332e+001 6.941787e+001 7.638258e+001 5.537037e+001 5.701574e+001 4.033969e+001 4.642102e+001 3.587459e+001 1.711441e+002 3.261385e+000 2.681625e+000 2.607508e+000 3.508358e+000 3.696822e+000 3.325506e+000 3.532764e+000 3.276742e+000 3.271481e+000 2.560002e+000 2.541908e+000 2.116789e+000 3.216253e+000 4.691547e-001 4.537904e-001 4.156433e-001 5.967566e-001 6.439431e-001 5.867372e-001 6.307397e-001 6.007181e-001 5.869341e-001 4.851366e-001 4.700565e-001 3.924311e-001 5.189056e-001
<GCONST> 1.318027e+002
<TRANSP> 3
 0.000000e+000 1.000000e+000 0.000000e+000
 0.000000e+000 6.000000e-001 4.000000e-001
 0.000000e+000 0.000000e+000 0.000000e+000
<ENDHMM>
~o
<STREAMINFO> 1 39
<VECSIZE> 39<NULLD><MFCC_D_A_0><DIAGC>
~h "MPS"
<BEGINHMM>
<NUMSTATES> 3
<STATE> 2
<MEAN> 39
 -7.278597e+000 -4.161878e-001 1.678821e+000 -3.097449e+000 -4.298425e+000 -2.161171e+000 -3.598502e+000 -1.042011e+000 -7.005705e-001 2.425221e-001 -5.637408e-002 -1.743240e+000 6.071321e+001 7.856661e-004 6.201610e-004 2.783904e-004 -1.824549e-004 2.543501e-003 2.732660e-004 4.128236e-004 -1.179280e-003 -9.860897e-004 5.210666e-004 -7.798747e-004 -8.062158e-004 9.013670e-004 1.926498e-004 -1.655358e-005 7.776146e-005 -3.660778e-005 -2.063320e-004 -1.587624e-004 -1.005904e-004 1.058934e-004 -1.298303e-004 -2.134018e-004 -1.574759e-004 1.891383e-004 1.036729e-004
<VARIANCE> 39
 8.321468e+001 5.459295e+001 7.052209e+001 7.959368e+001 7.758332e+001 6.941787e+001 7.638258e+001 5.537037e+001 5.701574e+001 4.033969e+001 4.642102e+001 3.587459e+001 1.711441e+002 3.261385e+000 2.681625e+000 2.607508e+000 3.508358e+000 3.696822e+000 3.325506e+000 3.532764e+000 3.276742e+000 3.271481e+000 2.560002e+000 2.541908e+000 2.116789e+000 3.216253e+000 4.691547e-001 4.537904e-001 4.156433e-001 5.967566e-001 6.439431e-001 5.867372e-001 6.307397e-001 6.007181e-001 5.869341e-001 4.851366e-001 4.700565e-001 3.924311e-001 5.189056e-001
<GCONST> 1.318027e+002
<TRANSP> 3
 0.000000e+000 1.000000e+000 0.000000e+000
 0.000000e+000 6.000000e-001 4.000000e-001
 0.000000e+000 0.000000e+000 0.000000e+000
<ENDHMM>
~o
<STREAMINFO> 1 39
<VECSIZE> 39<NULLD><MFCC_D_A_0><DIAGC>
~h "MVL2"
<BEGINHMM>
<NUMSTATES> 3
<STATE> 2
<MEAN> 39
 -7.278597e+000 -4.161878e-001 1.678821e+000 -3.097449e+000 -4.298425e+000 -2.161171e+000 -3.598502e+000 -1.042011e+000 -7.005705e-001 2.425221e-001 -5.637408e-002 -1.743240e+000 6.071321e+001 7.856661e-004 6.201610e-004 2.783904e-004 -1.824549e-004 2.543501e-003 2.732660e-004 4.128236e-004 -1.179280e-003 -9.860897e-004 5.210666e-004 -7.798747e-004 -8.062158e-004 9.013670e-004 1.926498e-004 -1.655358e-005 7.776146e-005 -3.660778e-005 -2.063320e-004 -1.587624e-004 -1.005904e-004 1.058934e-004 -1.298303e-004 -2.134018e-004 -1.574759e-004 1.891383e-004 1.036729e-004
<VARIANCE> 39
 8.321468e+001 5.459295e+001 7.052209e+001 7.959368e+001 7.758332e+001 6.941787e+001 7.638258e+001 5.537037e+001 5.701574e+001 4.033969e+001 4.642102e+001 3.587459e+001 1.711441e+002 3.261385e+000 2.681625e+000 2.607508e+000 3.508358e+000 3.696822e+000 3.325506e+000 3.532764e+000 3.276742e+000 3.271481e+000 2.560002e+000 2.541908e+000 2.116789e+000 3.216253e+000 4.691547e-001 4.537904e-001 4.156433e-001 5.967566e-001 6.439431e-001 5.867372e-001 6.307397e-001 6.007181e-001 5.869341e-001 4.851366e-001 4.700565e-001 3.924311e-001 5.189056e-001
<GCONST> 1.318027e+002
<TRANSP> 3
 0.000000e+000 1.000000e+000 0.000000e+000
 0.000000e+000 6.000000e-001 4.000000e-001
 0.000000e+000 0.000000e+000 0.000000e+000
<ENDHMM>
~o
<STREAMINFO> 1 39
<VECSIZE> 39<NULLD><MFCC_D_A_0><DIAGC>
~h "KOLAR"
<BEGINHMM>
<NUMSTATES> 3
<STATE> 2
<MEAN> 39
 -7.278597e+000 -4.161878e-001 1.678821e+000 -3.097449e+000 -4.298425e+000 -2.161171e+000 -3.598502e+000 -1.042011e+000 -7.005705e-001 2.425221e-001 -5.637408e-002 -1.743240e+000 6.071321e+001 7.856661e-004 6.201610e-004 2.783904e-004 -1.824549e-004 2.543501e-003 2.732660e-004 4.128236e-004 -1.179280e-003 -9.860897e-004 5.210666e-004 -7.798747e-004 -8.062158e-004 9.013670e-004 1.926498e-004 -1.655358e-005 7.776146e-005 -3.660778e-005 -2.063320e-004 -1.587624e-004 -1.005904e-004 1.058934e-004 -1.298303e-004 -2.134018e-004 -1.574759e-004 1.891383e-004 1.036729e-004
<VARIANCE> 39
 8.321468e+001 5.459295e+001 7.052209e+001 7.959368e+001 7.758332e+001 6.941787e+001 7.638258e+001 5.537037e+001 5.701574e+001 4.033969e+001 4.642102e+001 3.587459e+001 1.711441e+002 3.261385e+000 2.681625e+000 2.607508e+000 3.508358e+000 3.696822e+000 3.325506e+000 3.532764e+000 3.276742e+000 3.271481e+000 2.560002e+000 2.541908e+000 2.116789e+000 3.216253e+000 4.691547e-001 4.537904e-001 4.156433e-001 5.967566e-001 6.439431e-001 5.867372e-001 6.307397e-001 6.007181e-001 5.869341e-001 4.851366e-001 4.700565e-001 3.924311e-001 5.189056e-001
<GCONST> 1.318027e+002
<TRANSP> 3
 0.000000e+000 1.000000e+000 0.000000e+000
 0.000000e+000 6.000000e-001 4.000000e-001
 0.000000e+000 0.000000e+000 0.000000e+000
<ENDHMM>
~o
<STREAMINFO> 1 39
<VECSIZE> 39<NULLD><MFCC_D_A_0><DIAGC>
~h "KOUNOVSKY"
<BEGINHMM>
<NUMSTATES> 3
<STATE> 2
<MEAN> 39
 -7.278597e+000 -4.161878e-001 1.678821e+000 -3.097449e+000 -4.298425e+000 -2.161171e+000 -3.598502e+000 -1.042011e+000 -7.005705e-001 2.425221e-001 -5.637408e-002 -1.743240e+000 6.071321e+001 7.856661e-004 6.201610e-004 2.783904e-004 -1.824549e-004 2.543501e-003 2.732660e-004 4.128236e-004 -1.179280e-003 -9.860897e-004 5.210666e-004 -7.798747e-004 -8.062158e-004 9.013670e-004 1.926498e-004 -1.655358e-005 7.776146e-005 -3.660778e-005 -2.063320e-004 -1.587624e-004 -1.005904e-004 1.058934e-004 -1.298303e-004 -2.134018e-004 -1.574759e-004 1.891383e-004 1.036729e-004
<VARIANCE> 39
 8.321468e+001 5.459295e+001 7.052209e+001 7.959368e+001 7.758332e+001 6.941787e+001 7.638258e+001 5.537037e+001 5.701574e+001 4.033969e+001 4.642102e+001 3.587459e+001 1.711441e+002 3.261385e+000 2.681625e+000 2.607508e+000 3.508358e+000 3.696822e+000 3.325506e+000 3.532764e+000 3.276742e+000 3.271481e+000 2.560002e+000 2.541908e+000 2.116789e+000 3.216253e+000 4.691547e-001 4.537904e-001 4.156433e-001 5.967566e-001 6.439431e-001 5.867372e-001 6.307397e-001 6.007181e-001 5.869341e-001 4.851366e-001 4.700565e-001 3.924311e-001 5.189056e-001
<GCONST> 1.318027e+002
<TRANSP> 3
 0.000000e+000 1.000000e+000 0.000000e+000
 0.000000e+000 6.000000e-001 4.000000e-001
 0.000000e+000 0.000000e+000 0.000000e+000
<ENDHMM>
~o
<STREAMINFO> 1 39
<VECSIZE> 39<NULLD><MFCC_D_A_0><DIAGC>
~h "ZSS"
<BEGINHMM>
<NUMSTATES> 3
<STATE> 2
<MEAN> 39
 -7.278597e+000 -4.161878e-001 1.678821e+000 -3.097449e+000 -4.298425e+000 -2.161171e+000 -3.598502e+000 -1.042011e+000 -7.005705e-001 2.425221e-001 -5.637408e-002 -1.743240e+000 6.071321e+001 7.856661e-004 6.201610e-004 2.783904e-004 -1.824549e-004 2.543501e-003 2.732660e-004 4.128236e-004 -1.179280e-003 -9.860897e-004 5.210666e-004 -7.798747e-004 -8.062158e-004 9.013670e-004 1.926498e-004 -1.655358e-005 7.776146e-005 -3.660778e-005 -2.063320e-004 -1.587624e-004 -1.005904e-004 1.058934e-004 -1.298303e-004 -2.134018e-004 -1.574759e-004 1.891383e-004 1.036729e-004
<VARIANCE> 39
 8.321468e+001 5.459295e+001 7.052209e+001 7.959368e+001 7.758332e+001 6.941787e+001 7.638258e+001 5.537037e+001 5.701574e+001 4.033969e+001 4.642102e+001 3.587459e+001 1.711441e+002 3.261385e+000 2.681625e+000 2.607508e+000 3.508358e+000 3.696822e+000 3.325506e+000 3.532764e+000 3.276742e+000 3.271481e+000 2.560002e+000 2.541908e+000 2.116789e+000 3.216253e+000 4.691547e-001 4.537904e-001 4.156433e-001 5.967566e-001 6.439431e-001 5.867372e-001 6.307397e-001 6.007181e-001 5.869341e-001 4.851366e-001 4.700565e-001 3.924311e-001 5.189056e-001
<GCONST> 1.318027e+002
<TRANSP> 3
 0.000000e+000 1.000000e+000 0.000000e+000
 0.000000e+000 6.000000e-001 4.000000e-001
 0.000000e+000 0.000000e+000 0.000000e+000
<ENDHMM>
~o
<STREAMINFO> 1 39
<VECSIZE> 39<NULLD><MFCC_D_A_0><DIAGC>
~h "ZTK"
<BEGINHMM>
<NUMSTATES> 3
<STATE> 2
<MEAN> 39
 -7.278597e+000 -4.161878e-001 1.678821e+000 -3.097449e+000 -4.298425e+000 -2.161171e+000 -3.598502e+000 -1.042011e+000 -7.005705e-001 2.425221e-001 -5.637408e-002 -1.743240e+000 6.071321e+001 7.856661e-004 6.201610e-004 2.783904e-004 -1.824549e-004 2.543501e-003 2.732660e-004 4.128236e-004 -1.179280e-003 -9.860897e-004 5.210666e-004 -7.798747e-004 -8.062158e-004 9.013670e-004 1.926498e-004 -1.655358e-005 7.776146e-005 -3.660778e-005 -2.063320e-004 -1.587624e-004 -1.005904e-004 1.058934e-004 -1.298303e-004 -2.134018e-004 -1.574759e-004 1.891383e-004 1.036729e-004
<VARIANCE> 39
 8.321468e+001 5.459295e+001 7.052209e+001 7.959368e+001 7.758332e+001 6.941787e+001 7.638258e+001 5.537037e+001 5.701574e+001 4.033969e+001 4.642102e+001 3.587459e+001 1.711441e+002 3.261385e+000 2.681625e+000 2.607508e+000 3.508358e+000 3.696822e+000 3.325506e+000 3.532764e+000 3.276742e+000 3.271481e+000 2.560002e+000 2.541908e+000 2.116789e+000 3.216253e+000 4.691547e-001 4.537904e-001 4.156433e-001 5.967566e-001 6.439431e-001 5.867372e-001 6.307397e-001 6.007181e-001 5.869341e-001 4.851366e-001 4.700565e-001 3.924311e-001 5.189056e-001
<GCONST> 1.318027e+002
<TRANSP> 3
 0.000000e+000 1.000000e+000 0.000000e+000
 0.000000e+000 6.000000e-001 4.000000e-001
 0.000000e+000 0.000000e+000 0.000000e+000
<ENDHMM>
~o
<STREAMINFO> 1 39
<VECSIZE> 39<NULLD><MFCC_D_A_0><DIAGC>
~h "HALADAVETY"
<BEGINHMM>
<NUMSTATES> 3
<STATE> 2
<MEAN> 39
 -7.278597e+000 -4.161878e-001 1.678821e+000 -3.097449e+000 -4.298425e+000 -2.161171e+000 -3.598502e+000 -1.042011e+000 -7.005705e-001 2.425221e-001 -5.637408e-002 -1.743240e+000 6.071321e+001 7.856661e-004 6.201610e-004 2.783904e-004 -1.824549e-004 2.543501e-003 2.732660e-004 4.128236e-004 -1.179280e-003 -9.860897e-004 5.210666e-004 -7.798747e-004 -8.062158e-004 9.013670e-004 1.926498e-004 -1.655358e-005 7.776146e-005 -3.660778e-005 -2.063320e-004 -1.587624e-004 -1.005904e-004 1.058934e-004 -1.298303e-004 -2.134018e-004 -1.574759e-004 1.891383e-004 1.036729e-004
<VARIANCE> 39
 8.321468e+001 5.459295e+001 7.052209e+001 7.959368e+001 7.758332e+001 6.941787e+001 7.638258e+001 5.537037e+001 5.701574e+001 4.033969e+001 4.642102e+001 3.587459e+001 1.711441e+002 3.261385e+000 2.681625e+000 2.607508e+000 3.508358e+000 3.696822e+000 3.325506e+000 3.532764e+000 3.276742e+000 3.271481e+000 2.560002e+000 2.541908e+000 2.116789e+000 3.216253e+000 4.691547e-001 4.537904e-001 4.156433e-001 5.967566e-001 6.439431e-001 5.867372e-001 6.307397e-001 6.007181e-001 5.869341e-001 4.851366e-001 4.700565e-001 3.924311e-001 5.189056e-001
<GCONST> 1.318027e+002
<TRANSP> 3
 0.000000e+000 1.000000e+000 0.000000e+000
 0.000000e+000 6.000000e-001 4.000000e-001
 0.000000e+000 0.000000e+000 0.000000e+000
<ENDHMM>
